,Year,STATE,ENERGY SOURCE,GENERATION (MWh),Date,TOTAL_rev,TOTAL_sales,TOTAL_cust,TOTAL_price,Temperature,Delta from Mean Temp,Percipitation (in),Delta from Mean Pcp,Z-index Drought,Delta from Mean Z
0,1990,CA,Coal,2637677.004,1990-01-01,18663604.0,211092921.0,0.0,8.809,57.967,-1.042,13.99,-7.8,-1.336,-1.014
1,1990,CA,Geothermal,14521254.0,1990-01-01,18663604.0,211092921.0,0.0,8.809,57.967,-1.042,13.99,-7.8,-1.336,-1.014
2,1990,CA,Hydroelectric Conventional,23792567.004,1990-01-01,18663604.0,211092921.0,0.0,8.809,57.967,-1.042,13.99,-7.8,-1.336,-1.014
3,1990,CA,Natural Gas,74168307.996,1990-01-01,18663604.0,211092921.0,0.0,8.809,57.967,-1.042,13.99,-7.8,-1.336,-1.014
4,1990,CA,Nuclear,32692806.996,1990-01-01,18663604.0,211092921.0,0.0,8.809,57.967,-1.042,13.99,-7.8,-1.336,-1.014
5,1990,CA,Other,0.0,1990-01-01,18663604.0,211092921.0,0.0,8.809,57.967,-1.042,13.99,-7.8,-1.336,-1.014
6,1990,CA,Other Biomass,2117915.004,1990-01-01,18663604.0,211092921.0,0.0,8.809,57.967,-1.042,13.99,-7.8,-1.336,-1.014
7,1990,CA,Other Gases,2146742.004,1990-01-01,18663604.0,211092921.0,0.0,8.809,57.967,-1.042,13.99,-7.8,-1.336,-1.014
8,1990,CA,Petroleum,5473851.996,1990-01-01,18663604.0,211092921.0,0.0,8.809,57.967,-1.042,13.99,-7.8,-1.336,-1.014
9,1990,CA,Pumped Storage,986252.004,1990-01-01,18663604.0,211092921.0,0.0,8.809,57.967,-1.042,13.99,-7.8,-1.336,-1.014
10,1990,CA,Solar Thermal and Photovoltaic,366668.004,1990-01-01,18663604.0,211092921.0,0.0,8.809,57.967,-1.042,13.99,-7.8,-1.336,-1.014
12,1990,CA,Wind,2758881.0,1990-01-01,18663604.0,211092921.0,0.0,8.809,57.967,-1.042,13.99,-7.8,-1.336,-1.014
13,1990,CA,Wood and Wood Derived Fuels,4121985.996,1990-01-01,18663604.0,211092921.0,0.0,8.809,57.967,-1.042,13.99,-7.8,-1.336,-1.014
14,1991,CA,Coal,2632419.0,1991-01-01,19661146.0,208650490.0,0.0,9.393,58.133,-0.875,19.79,-2.0,-0.445,-0.123
15,1991,CA,Geothermal,14784795.996,1991-01-01,19661146.0,208650490.0,0.0,9.393,58.133,-0.875,19.79,-2.0,-0.445,-0.123
16,1991,CA,Hydroelectric Conventional,21957063.996,1991-01-01,19661146.0,208650490.0,0.0,9.393,58.133,-0.875,19.79,-2.0,-0.445,-0.123
17,1991,CA,Natural Gas,74006160.0,1991-01-01,19661146.0,208650490.0,0.0,9.393,58.133,-0.875,19.79,-2.0,-0.445,-0.123
18,1991,CA,Nuclear,31541799.0,1991-01-01,19661146.0,208650490.0,0.0,9.393,58.133,-0.875,19.79,-2.0,-0.445,-0.123
19,1991,CA,Other,5112.0,1991-01-01,19661146.0,208650490.0,0.0,9.393,58.133,-0.875,19.79,-2.0,-0.445,-0.123
20,1991,CA,Other Biomass,2471400.0,1991-01-01,19661146.0,208650490.0,0.0,9.393,58.133,-0.875,19.79,-2.0,-0.445,-0.123
21,1991,CA,Other Gases,1978403.004,1991-01-01,19661146.0,208650490.0,0.0,9.393,58.133,-0.875,19.79,-2.0,-0.445,-0.123
22,1991,CA,Petroleum,1970118.996,1991-01-01,19661146.0,208650490.0,0.0,9.393,58.133,-0.875,19.79,-2.0,-0.445,-0.123
23,1991,CA,Pumped Storage,99860.004,1991-01-01,19661146.0,208650490.0,0.0,9.393,58.133,-0.875,19.79,-2.0,-0.445,-0.123
24,1991,CA,Solar Thermal and Photovoltaic,471360.996,1991-01-01,19661146.0,208650490.0,0.0,9.393,58.133,-0.875,19.79,-2.0,-0.445,-0.123
26,1991,CA,Wind,2914505.004,1991-01-01,19661146.0,208650490.0,0.0,9.393,58.133,-0.875,19.79,-2.0,-0.445,-0.123
27,1991,CA,Wood and Wood Derived Fuels,4114644.0,1991-01-01,19661146.0,208650490.0,0.0,9.393,58.133,-0.875,19.79,-2.0,-0.445,-0.123
28,1992,CA,Coal,3299510.004,1992-01-01,20611569.0,213447241.0,0.0,9.609,59.267,0.258,23.23,1.44,-0.658,-0.336
29,1992,CA,Geothermal,14771487.0,1992-01-01,20611569.0,213447241.0,0.0,9.609,59.267,0.258,23.23,1.44,-0.658,-0.336
30,1992,CA,Hydroelectric Conventional,20167410.0,1992-01-01,20611569.0,213447241.0,0.0,9.609,59.267,0.258,23.23,1.44,-0.658,-0.336
31,1992,CA,Natural Gas,88704786.996,1992-01-01,20611569.0,213447241.0,0.0,9.609,59.267,0.258,23.23,1.44,-0.658,-0.336
32,1992,CA,Nuclear,35244336.0,1992-01-01,20611569.0,213447241.0,0.0,9.609,59.267,0.258,23.23,1.44,-0.658,-0.336
33,1992,CA,Other,10211.004,1992-01-01,20611569.0,213447241.0,0.0,9.609,59.267,0.258,23.23,1.44,-0.658,-0.336
34,1992,CA,Other Biomass,2783355.996,1992-01-01,20611569.0,213447241.0,0.0,9.609,59.267,0.258,23.23,1.44,-0.658,-0.336
35,1992,CA,Other Gases,2714688.0,1992-01-01,20611569.0,213447241.0,0.0,9.609,59.267,0.258,23.23,1.44,-0.658,-0.336
36,1992,CA,Petroleum,1948539.0,1992-01-01,20611569.0,213447241.0,0.0,9.609,59.267,0.258,23.23,1.44,-0.658,-0.336
37,1992,CA,Pumped Storage,-4494.996,1992-01-01,20611569.0,213447241.0,0.0,9.609,59.267,0.258,23.23,1.44,-0.658,-0.336
38,1992,CA,Solar Thermal and Photovoltaic,399260.004,1992-01-01,20611569.0,213447241.0,0.0,9.609,59.267,0.258,23.23,1.44,-0.658,-0.336
40,1992,CA,Wind,2863998.996,1992-01-01,20611569.0,213447241.0,0.0,9.609,59.267,0.258,23.23,1.44,-0.658,-0.336
41,1992,CA,Wood and Wood Derived Fuels,4252371.0,1992-01-01,20611569.0,213447241.0,0.0,9.609,59.267,0.258,23.23,1.44,-0.658,-0.336
42,1993,CA,Coal,3129951.0,1993-01-01,20401477.0,210499926.0,0.0,9.654,57.658,-1.35,26.7,4.91,0.606,0.927
43,1993,CA,Geothermal,14948112.996,1993-01-01,20401477.0,210499926.0,0.0,9.654,57.658,-1.35,26.7,4.91,0.606,0.927
44,1993,CA,Hydroelectric Conventional,40492526.004,1993-01-01,20401477.0,210499926.0,0.0,9.654,57.658,-1.35,26.7,4.91,0.606,0.927
45,1993,CA,Natural Gas,79644168.996,1993-01-01,20401477.0,210499926.0,0.0,9.654,57.658,-1.35,26.7,4.91,0.606,0.927
46,1993,CA,Nuclear,31580691.996,1993-01-01,20401477.0,210499926.0,0.0,9.654,57.658,-1.35,26.7,4.91,0.606,0.927
47,1993,CA,Other,11423.004,1993-01-01,20401477.0,210499926.0,0.0,9.654,57.658,-1.35,26.7,4.91,0.606,0.927
48,1993,CA,Other Biomass,2891154.0,1993-01-01,20401477.0,210499926.0,0.0,9.654,57.658,-1.35,26.7,4.91,0.606,0.927
49,1993,CA,Other Gases,3097461.996,1993-01-01,20401477.0,210499926.0,0.0,9.654,57.658,-1.35,26.7,4.91,0.606,0.927
50,1993,CA,Petroleum,3601682.004,1993-01-01,20401477.0,210499926.0,0.0,9.654,57.658,-1.35,26.7,4.91,0.606,0.927
51,1993,CA,Pumped Storage,282924.0,1993-01-01,20401477.0,210499926.0,0.0,9.654,57.658,-1.35,26.7,4.91,0.606,0.927
52,1993,CA,Solar Thermal and Photovoltaic,462078.0,1993-01-01,20401477.0,210499926.0,0.0,9.654,57.658,-1.35,26.7,4.91,0.606,0.927
54,1993,CA,Wind,2983640.004,1993-01-01,20401477.0,210499926.0,0.0,9.654,57.658,-1.35,26.7,4.91,0.606,0.927
55,1993,CA,Wood and Wood Derived Fuels,3864828.0,1993-01-01,20401477.0,210499926.0,0.0,9.654,57.658,-1.35,26.7,4.91,0.606,0.927
56,1994,CA,Coal,3271691.004,1994-01-01,20899536.0,213684303.0,0.0,9.732,58.008,-1.0,17.54,-4.25,-0.74,-0.418
57,1994,CA,Geothermal,13660401.996,1994-01-01,20899536.0,213684303.0,0.0,9.732,58.008,-1.0,17.54,-4.25,-0.74,-0.418
58,1994,CA,Hydroelectric Conventional,23012615.004,1994-01-01,20899536.0,213684303.0,0.0,9.732,58.008,-1.0,17.54,-4.25,-0.74,-0.418
59,1994,CA,Natural Gas,94431800.004,1994-01-01,20899536.0,213684303.0,0.0,9.732,58.008,-1.0,17.54,-4.25,-0.74,-0.418
60,1994,CA,Nuclear,33752237.004,1994-01-01,20899536.0,213684303.0,0.0,9.732,58.008,-1.0,17.54,-4.25,-0.74,-0.418
61,1994,CA,Other,14124.996,1994-01-01,20899536.0,213684303.0,0.0,9.732,58.008,-1.0,17.54,-4.25,-0.74,-0.418
62,1994,CA,Other Biomass,2646840.0,1994-01-01,20899536.0,213684303.0,0.0,9.732,58.008,-1.0,17.54,-4.25,-0.74,-0.418
63,1994,CA,Other Gases,2959314.0,1994-01-01,20899536.0,213684303.0,0.0,9.732,58.008,-1.0,17.54,-4.25,-0.74,-0.418
64,1994,CA,Petroleum,3411141.0,1994-01-01,20899536.0,213684303.0,0.0,9.732,58.008,-1.0,17.54,-4.25,-0.74,-0.418
65,1994,CA,Pumped Storage,934848.996,1994-01-01,20899536.0,213684303.0,0.0,9.732,58.008,-1.0,17.54,-4.25,-0.74,-0.418
66,1994,CA,Solar Thermal and Photovoltaic,486318.0,1994-01-01,20899536.0,213684303.0,0.0,9.732,58.008,-1.0,17.54,-4.25,-0.74,-0.418
68,1994,CA,Wind,3387128.004,1994-01-01,20899536.0,213684303.0,0.0,9.732,58.008,-1.0,17.54,-4.25,-0.74,-0.418
69,1994,CA,Wood and Wood Derived Fuels,4223531.004,1994-01-01,20899536.0,213684303.0,0.0,9.732,58.008,-1.0,17.54,-4.25,-0.74,-0.418
70,1995,CA,Coal,2786844.0,1995-01-01,21070045.0,212604724.0,0.0,9.863,58.933,-0.075,35.2,13.41,1.716,2.037
71,1995,CA,Geothermal,11450298.996,1995-01-01,21070045.0,212604724.0,0.0,9.863,58.933,-0.075,35.2,13.41,1.716,2.037
72,1995,CA,Hydroelectric Conventional,48033129.996,1995-01-01,21070045.0,212604724.0,0.0,9.863,58.933,-0.075,35.2,13.41,1.716,2.037
73,1995,CA,Natural Gas,72578892.996,1995-01-01,21070045.0,212604724.0,0.0,9.863,58.933,-0.075,35.2,13.41,1.716,2.037
74,1995,CA,Nuclear,30245936.004,1995-01-01,21070045.0,212604724.0,0.0,9.863,58.933,-0.075,35.2,13.41,1.716,2.037
75,1995,CA,Other,15795.996,1995-01-01,21070045.0,212604724.0,0.0,9.863,58.933,-0.075,35.2,13.41,1.716,2.037
76,1995,CA,Other Biomass,2757855.996,1995-01-01,21070045.0,212604724.0,0.0,9.863,58.933,-0.075,35.2,13.41,1.716,2.037
77,1995,CA,Other Gases,2594985.0,1995-01-01,21070045.0,212604724.0,0.0,9.863,58.933,-0.075,35.2,13.41,1.716,2.037
78,1995,CA,Petroleum,2291127.996,1995-01-01,21070045.0,212604724.0,0.0,9.863,58.933,-0.075,35.2,13.41,1.716,2.037
79,1995,CA,Pumped Storage,2506665.0,1995-01-01,21070045.0,212604724.0,0.0,9.863,58.933,-0.075,35.2,13.41,1.716,2.037
80,1995,CA,Solar Thermal and Photovoltaic,496565.004,1995-01-01,21070045.0,212604724.0,0.0,9.863,58.933,-0.075,35.2,13.41,1.716,2.037
82,1995,CA,Wind,3086757.0,1995-01-01,21070045.0,212604724.0,0.0,9.863,58.933,-0.075,35.2,13.41,1.716,2.037
83,1995,CA,Wood and Wood Derived Fuels,2618487.0,1995-01-01,21070045.0,212604724.0,0.0,9.863,58.933,-0.075,35.2,13.41,1.716,2.037
84,1996,CA,Coal,2528786.004,1996-01-01,20668305.0,218112487.0,0.0,9.437,59.558,0.55,32.51,10.72,1.044,1.366
85,1996,CA,Geothermal,12340104.0,1996-01-01,20668305.0,218112487.0,0.0,9.437,59.558,0.55,32.51,10.72,1.044,1.366
86,1996,CA,Hydroelectric Conventional,44751342.996,1996-01-01,20668305.0,218112487.0,0.0,9.437,59.558,0.55,32.51,10.72,1.044,1.366
87,1996,CA,Natural Gas,64414179.0,1996-01-01,20668305.0,218112487.0,0.0,9.437,59.558,0.55,32.51,10.72,1.044,1.366
88,1996,CA,Nuclear,34096860.0,1996-01-01,20668305.0,218112487.0,0.0,9.437,59.558,0.55,32.51,10.72,1.044,1.366
89,1996,CA,Other,28278.996,1996-01-01,20668305.0,218112487.0,0.0,9.437,59.558,0.55,32.51,10.72,1.044,1.366
90,1996,CA,Other Biomass,2321157.996,1996-01-01,20668305.0,218112487.0,0.0,9.437,59.558,0.55,32.51,10.72,1.044,1.366
91,1996,CA,Other Gases,3216924.0,1996-01-01,20668305.0,218112487.0,0.0,9.437,59.558,0.55,32.51,10.72,1.044,1.366
92,1996,CA,Petroleum,2832968.004,1996-01-01,20668305.0,218112487.0,0.0,9.437,59.558,0.55,32.51,10.72,1.044,1.366
93,1996,CA,Pumped Storage,2194436.004,1996-01-01,20668305.0,218112487.0,0.0,9.437,59.558,0.55,32.51,10.72,1.044,1.366
94,1996,CA,Solar Thermal and Photovoltaic,520944.996,1996-01-01,20668305.0,218112487.0,0.0,9.437,59.558,0.55,32.51,10.72,1.044,1.366
96,1996,CA,Wind,3078924.0,1996-01-01,20668305.0,218112487.0,0.0,9.437,59.558,0.55,32.51,10.72,1.044,1.366
97,1996,CA,Wood and Wood Derived Fuels,2938298.004,1996-01-01,20668305.0,218112487.0,0.0,9.437,59.558,0.55,32.51,10.72,1.044,1.366
98,1997,CA,Coal,2331969.996,1997-01-01,21750656.0,227880126.0,0.0,9.499,59.117,0.108,20.6,-1.19,-0.552,-0.231
99,1997,CA,Geothermal,12716193.0,1997-01-01,21750656.0,227880126.0,0.0,9.499,59.117,0.108,20.6,-1.19,-0.552,-0.231
100,1997,CA,Hydroelectric Conventional,41054546.004,1997-01-01,21750656.0,227880126.0,0.0,9.499,59.117,0.108,20.6,-1.19,-0.552,-0.231
101,1997,CA,Natural Gas,71002064.004,1997-01-01,21750656.0,227880126.0,0.0,9.499,59.117,0.108,20.6,-1.19,-0.552,-0.231
102,1997,CA,Nuclear,30512118.0,1997-01-01,21750656.0,227880126.0,0.0,9.499,59.117,0.108,20.6,-1.19,-0.552,-0.231
103,1997,CA,Other,21680.004,1997-01-01,21750656.0,227880126.0,0.0,9.499,59.117,0.108,20.6,-1.19,-0.552,-0.231
104,1997,CA,Other Biomass,2321304.996,1997-01-01,21750656.0,227880126.0,0.0,9.499,59.117,0.108,20.6,-1.19,-0.552,-0.231
105,1997,CA,Other Gases,2984277.0,1997-01-01,21750656.0,227880126.0,0.0,9.499,59.117,0.108,20.6,-1.19,-0.552,-0.231
106,1997,CA,Petroleum,2092191.996,1997-01-01,21750656.0,227880126.0,0.0,9.499,59.117,0.108,20.6,-1.19,-0.552,-0.231
107,1997,CA,Pumped Storage,1013904.0,1997-01-01,21750656.0,227880126.0,0.0,9.499,59.117,0.108,20.6,-1.19,-0.552,-0.231
108,1997,CA,Solar Thermal and Photovoltaic,510956.004,1997-01-01,21750656.0,227880126.0,0.0,9.499,59.117,0.108,20.6,-1.19,-0.552,-0.231
110,1997,CA,Wind,3136878.0,1997-01-01,21750656.0,227880126.0,0.0,9.499,59.117,0.108,20.6,-1.19,-0.552,-0.231
111,1997,CA,Wood and Wood Derived Fuels,3099512.004,1997-01-01,21750656.0,227880126.0,0.0,9.499,59.117,0.108,20.6,-1.19,-0.552,-0.231
112,1998,CA,Coal,2159070.0,1998-01-01,21104722.0,236433971.0,0.0,8.889,56.708,-2.3,36.41,14.62,2.425,2.747
113,1998,CA,Geothermal,12839684.004,1998-01-01,21104722.0,236433971.0,0.0,8.889,56.708,-2.3,36.41,14.62,2.425,2.747
114,1998,CA,Hydroelectric Conventional,49548200.004,1998-01-01,21104722.0,236433971.0,0.0,8.889,56.708,-2.3,36.41,14.62,2.425,2.747
115,1998,CA,Natural Gas,75131991.996,1998-01-01,21104722.0,236433971.0,0.0,8.889,56.708,-2.3,36.41,14.62,2.425,2.747
116,1998,CA,Nuclear,34594206.0,1998-01-01,21104722.0,236433971.0,0.0,8.889,56.708,-2.3,36.41,14.62,2.425,2.747
117,1998,CA,Other,20225.004,1998-01-01,21104722.0,236433971.0,0.0,8.889,56.708,-2.3,36.41,14.62,2.425,2.747
118,1998,CA,Other Biomass,2399711.004,1998-01-01,21104722.0,236433971.0,0.0,8.889,56.708,-2.3,36.41,14.62,2.425,2.747
119,1998,CA,Other Gases,3076556.004,1998-01-01,21104722.0,236433971.0,0.0,8.889,56.708,-2.3,36.41,14.62,2.425,2.747
120,1998,CA,Petroleum,2213072.004,1998-01-01,21104722.0,236433971.0,0.0,8.889,56.708,-2.3,36.41,14.62,2.425,2.747
121,1998,CA,Pumped Storage,1208801.004,1998-01-01,21104722.0,236433971.0,0.0,8.889,56.708,-2.3,36.41,14.62,2.425,2.747
122,1998,CA,Solar Thermal and Photovoltaic,502338.996,1998-01-01,21104722.0,236433971.0,0.0,8.889,56.708,-2.3,36.41,14.62,2.425,2.747
124,1998,CA,Wind,2757869.004,1998-01-01,21104722.0,236433971.0,0.0,8.889,56.708,-2.3,36.41,14.62,2.425,2.747
125,1998,CA,Wood and Wood Derived Fuels,3148980.996,1998-01-01,21104722.0,236433971.0,0.0,8.889,56.708,-2.3,36.41,14.62,2.425,2.747
126,1999,CA,Coal,2296082.004,1999-01-01,21070823.0,234830881.0,0.0,8.936,57.958,-1.05,17.63,-4.16,-0.449,-0.127
127,1999,CA,Geothermal,13045715.004,1999-01-01,21070823.0,234830881.0,0.0,8.936,57.958,-1.05,17.63,-4.16,-0.449,-0.127
128,1999,CA,Hydroelectric Conventional,40736667.0,1999-01-01,21070823.0,234830881.0,0.0,8.936,57.958,-1.05,17.63,-4.16,-0.449,-0.127
129,1999,CA,Natural Gas,85098861.996,1999-01-01,21070823.0,234830881.0,0.0,8.936,57.958,-1.05,17.63,-4.16,-0.449,-0.127
130,1999,CA,Nuclear,33371856.996,1999-01-01,21070823.0,234830881.0,0.0,8.936,57.958,-1.05,17.63,-4.16,-0.449,-0.127
131,1999,CA,Other,23427.0,1999-01-01,21070823.0,234830881.0,0.0,8.936,57.958,-1.05,17.63,-4.16,-0.449,-0.127
132,1999,CA,Other Biomass,2382645.996,1999-01-01,21070823.0,234830881.0,0.0,8.936,57.958,-1.05,17.63,-4.16,-0.449,-0.127
133,1999,CA,Other Gases,2417613.0,1999-01-01,21070823.0,234830881.0,0.0,8.936,57.958,-1.05,17.63,-4.16,-0.449,-0.127
134,1999,CA,Petroleum,2137916.004,1999-01-01,21070823.0,234830881.0,0.0,8.936,57.958,-1.05,17.63,-4.16,-0.449,-0.127
135,1999,CA,Pumped Storage,-386214.0,1999-01-01,21070823.0,234830881.0,0.0,8.936,57.958,-1.05,17.63,-4.16,-0.449,-0.127
136,1999,CA,Solar Thermal and Photovoltaic,494996.004,1999-01-01,21070823.0,234830881.0,0.0,8.936,57.958,-1.05,17.63,-4.16,-0.449,-0.127
138,1999,CA,Wind,3229953.0,1999-01-01,21070823.0,234830881.0,0.0,8.936,57.958,-1.05,17.63,-4.16,-0.449,-0.127
139,1999,CA,Wood and Wood Derived Fuels,3469703.004,1999-01-01,21070823.0,234830881.0,0.0,8.936,57.958,-1.05,17.63,-4.16,-0.449,-0.127
140,2000,CA,Coal,2363607.0,2000-01-01,23105312.0,244057201.0,0.0,9.426,58.8,-0.208,21.43,-0.36,-0.38,-0.058
141,2000,CA,Geothermal,12308471.004,2000-01-01,23105312.0,244057201.0,0.0,9.426,58.8,-0.208,21.43,-0.36,-0.38,-0.058
142,2000,CA,Hydroelectric Conventional,38333786.004,2000-01-01,23105312.0,244057201.0,0.0,9.426,58.8,-0.208,21.43,-0.36,-0.38,-0.058
143,2000,CA,Natural Gas,103218972.996,2000-01-01,23105312.0,244057201.0,0.0,9.426,58.8,-0.208,21.43,-0.36,-0.38,-0.058
144,2000,CA,Nuclear,35175504.996,2000-01-01,23105312.0,244057201.0,0.0,9.426,58.8,-0.208,21.43,-0.36,-0.38,-0.058
145,2000,CA,Other,22040.004,2000-01-01,23105312.0,244057201.0,0.0,9.426,58.8,-0.208,21.43,-0.36,-0.38,-0.058
146,2000,CA,Other Biomass,2610332.004,2000-01-01,23105312.0,244057201.0,0.0,9.426,58.8,-0.208,21.43,-0.36,-0.38,-0.058
147,2000,CA,Other Gases,2687177.004,2000-01-01,23105312.0,244057201.0,0.0,9.426,58.8,-0.208,21.43,-0.36,-0.38,-0.058
148,2000,CA,Petroleum,2839794.0,2000-01-01,23105312.0,244057201.0,0.0,9.426,58.8,-0.208,21.43,-0.36,-0.38,-0.058
149,2000,CA,Pumped Storage,937940.004,2000-01-01,23105312.0,244057201.0,0.0,9.426,58.8,-0.208,21.43,-0.36,-0.38,-0.058
150,2000,CA,Solar Thermal and Photovoltaic,493334.004,2000-01-01,23105312.0,244057201.0,0.0,9.426,58.8,-0.208,21.43,-0.36,-0.38,-0.058
152,2000,CA,Wind,3518022.996,2000-01-01,23105312.0,244057201.0,0.0,9.426,58.8,-0.208,21.43,-0.36,-0.38,-0.058
153,2000,CA,Wood and Wood Derived Fuels,3573501.0,2000-01-01,23105312.0,244057201.0,0.0,9.426,58.8,-0.208,21.43,-0.36,-0.38,-0.058
154,2001,CA,Coal,2232851.0,2001-01-01,27786540.0,247758779.0,0.0,11.163,59.117,0.108,23.02,1.23,-0.632,-0.311
155,2001,CA,Geothermal,12181294.0,2001-01-01,27786540.0,247758779.0,0.0,11.163,59.117,0.108,23.02,1.23,-0.632,-0.311
156,2001,CA,Hydroelectric Conventional,25541774.0,2001-01-01,27786540.0,247758779.0,0.0,11.163,59.117,0.108,23.02,1.23,-0.632,-0.311
157,2001,CA,Natural Gas,111932270.0,2001-01-01,27786540.0,247758779.0,0.0,11.163,59.117,0.108,23.02,1.23,-0.632,-0.311
158,2001,CA,Nuclear,33219520.0,2001-01-01,27786540.0,247758779.0,0.0,11.163,59.117,0.108,23.02,1.23,-0.632,-0.311
159,2001,CA,Other,204337.0,2001-01-01,27786540.0,247758779.0,0.0,11.163,59.117,0.108,23.02,1.23,-0.632,-0.311
160,2001,CA,Other Biomass,2082537.0,2001-01-01,27786540.0,247758779.0,0.0,11.163,59.117,0.108,23.02,1.23,-0.632,-0.311
161,2001,CA,Other Gases,1130499.0,2001-01-01,27786540.0,247758779.0,0.0,11.163,59.117,0.108,23.02,1.23,-0.632,-0.311
162,2001,CA,Petroleum,3054893.0,2001-01-01,27786540.0,247758779.0,0.0,11.163,59.117,0.108,23.02,1.23,-0.632,-0.311
163,2001,CA,Pumped Storage,-349689.0,2001-01-01,27786540.0,247758779.0,0.0,11.163,59.117,0.108,23.02,1.23,-0.632,-0.311
164,2001,CA,Solar Thermal and Photovoltaic,542271.0,2001-01-01,27786540.0,247758779.0,0.0,11.163,59.117,0.108,23.02,1.23,-0.632,-0.311
166,2001,CA,Wind,3499738.0,2001-01-01,27786540.0,247758779.0,0.0,11.163,59.117,0.108,23.02,1.23,-0.632,-0.311
167,2001,CA,Wood and Wood Derived Fuels,3323777.0,2001-01-01,27786540.0,247758779.0,0.0,11.163,59.117,0.108,23.02,1.23,-0.632,-0.311
168,2002,CA,Coal,2327808.0,2002-01-01,28680043.0,235213332.0,0.0,12.14,58.85,-0.158,18.68,-3.11,-0.846,-0.524
169,2002,CA,Geothermal,13073616.0,2002-01-01,28680043.0,235213332.0,0.0,12.14,58.85,-0.158,18.68,-3.11,-0.846,-0.524
170,2002,CA,Hydroelectric Conventional,31140628.0,2002-01-01,28680043.0,235213332.0,0.0,12.14,58.85,-0.158,18.68,-3.11,-0.846,-0.524
171,2002,CA,Natural Gas,89624044.0,2002-01-01,28680043.0,235213332.0,0.0,12.14,58.85,-0.158,18.68,-3.11,-0.846,-0.524
172,2002,CA,Nuclear,34352340.0,2002-01-01,28680043.0,235213332.0,0.0,12.14,58.85,-0.158,18.68,-3.11,-0.846,-0.524
173,2002,CA,Other,398108.0,2002-01-01,28680043.0,235213332.0,0.0,12.14,58.85,-0.158,18.68,-3.11,-0.846,-0.524
174,2002,CA,Other Biomass,2018759.0,2002-01-01,28680043.0,235213332.0,0.0,12.14,58.85,-0.158,18.68,-3.11,-0.846,-0.524
175,2002,CA,Other Gases,1240053.0,2002-01-01,28680043.0,235213332.0,0.0,12.14,58.85,-0.158,18.68,-3.11,-0.846,-0.524
176,2002,CA,Petroleum,1961066.0,2002-01-01,28680043.0,235213332.0,0.0,12.14,58.85,-0.158,18.68,-3.11,-0.846,-0.524
177,2002,CA,Pumped Storage,-240997.0,2002-01-01,28680043.0,235213332.0,0.0,12.14,58.85,-0.158,18.68,-3.11,-0.846,-0.524
178,2002,CA,Solar Thermal and Photovoltaic,554372.0,2002-01-01,28680043.0,235213332.0,0.0,12.14,58.85,-0.158,18.68,-3.11,-0.846,-0.524
180,2002,CA,Wind,3802645.0,2002-01-01,28680043.0,235213332.0,0.0,12.14,58.85,-0.158,18.68,-3.11,-0.846,-0.524
181,2002,CA,Wood and Wood Derived Fuels,3957590.0,2002-01-01,28680043.0,235213332.0,0.0,12.14,58.85,-0.158,18.68,-3.11,-0.846,-0.524
182,2003,CA,Coal,2326304.0,2003-01-01,28647643.0,243221316.0,0.0,11.759,59.425,0.417,21.63,-0.16,-0.075,0.247
183,2003,CA,Geothermal,12981761.0,2003-01-01,28647643.0,243221316.0,0.0,11.759,59.425,0.417,21.63,-0.16,-0.075,0.247
184,2003,CA,Hydroelectric Conventional,36370703.0,2003-01-01,28647643.0,243221316.0,0.0,11.759,59.425,0.417,21.63,-0.16,-0.075,0.247
185,2003,CA,Natural Gas,91432181.0,2003-01-01,28647643.0,243221316.0,0.0,11.759,59.425,0.417,21.63,-0.16,-0.075,0.247
186,2003,CA,Nuclear,35593789.0,2003-01-01,28647643.0,243221316.0,0.0,11.759,59.425,0.417,21.63,-0.16,-0.075,0.247
187,2003,CA,Other,281494.0,2003-01-01,28647643.0,243221316.0,0.0,11.759,59.425,0.417,21.63,-0.16,-0.075,0.247
188,2003,CA,Other Biomass,2254281.0,2003-01-01,28647643.0,243221316.0,0.0,11.759,59.425,0.417,21.63,-0.16,-0.075,0.247
189,2003,CA,Other Gases,1759015.0,2003-01-01,28647643.0,243221316.0,0.0,11.759,59.425,0.417,21.63,-0.16,-0.075,0.247
190,2003,CA,Petroleum,2392249.0,2003-01-01,28647643.0,243221316.0,0.0,11.759,59.425,0.417,21.63,-0.16,-0.075,0.247
191,2003,CA,Pumped Storage,-912313.0,2003-01-01,28647643.0,243221316.0,0.0,11.759,59.425,0.417,21.63,-0.16,-0.075,0.247
192,2003,CA,Solar Thermal and Photovoltaic,533606.0,2003-01-01,28647643.0,243221316.0,0.0,11.759,59.425,0.417,21.63,-0.16,-0.075,0.247
194,2003,CA,Wind,3895430.0,2003-01-01,28647643.0,243221316.0,0.0,11.759,59.425,0.417,21.63,-0.16,-0.075,0.247
195,2003,CA,Wood and Wood Derived Fuels,3880039.0,2003-01-01,28647643.0,243221316.0,0.0,11.759,59.425,0.417,21.63,-0.16,-0.075,0.247
196,2004,CA,Coal,2237808.0,2004-01-01,28598263.0,252025973.0,0.0,11.318,58.858,-0.15,21.76,-0.03,-0.568,-0.247
197,2004,CA,Geothermal,13105307.0,2004-01-01,28598263.0,252025973.0,0.0,11.318,58.858,-0.15,21.76,-0.03,-0.568,-0.247
198,2004,CA,Hydroelectric Conventional,34140929.0,2004-01-01,28598263.0,252025973.0,0.0,11.318,58.858,-0.15,21.76,-0.03,-0.568,-0.247
199,2004,CA,Natural Gas,100222234.0,2004-01-01,28598263.0,252025973.0,0.0,11.318,58.858,-0.15,21.76,-0.03,-0.568,-0.247
200,2004,CA,Nuclear,30267887.0,2004-01-01,28598263.0,252025973.0,0.0,11.318,58.858,-0.15,21.76,-0.03,-0.568,-0.247
201,2004,CA,Other,428566.0,2004-01-01,28598263.0,252025973.0,0.0,11.318,58.858,-0.15,21.76,-0.03,-0.568,-0.247
202,2004,CA,Other Biomass,2161922.0,2004-01-01,28598263.0,252025973.0,0.0,11.318,58.858,-0.15,21.76,-0.03,-0.568,-0.247
203,2004,CA,Other Gases,2065965.0,2004-01-01,28598263.0,252025973.0,0.0,11.318,58.858,-0.15,21.76,-0.03,-0.568,-0.247
204,2004,CA,Petroleum,2262899.0,2004-01-01,28598263.0,252025973.0,0.0,11.318,58.858,-0.15,21.76,-0.03,-0.568,-0.247
205,2004,CA,Pumped Storage,-816831.0,2004-01-01,28598263.0,252025973.0,0.0,11.318,58.858,-0.15,21.76,-0.03,-0.568,-0.247
206,2004,CA,Solar Thermal and Photovoltaic,570890.0,2004-01-01,28598263.0,252025973.0,0.0,11.318,58.858,-0.15,21.76,-0.03,-0.568,-0.247
208,2004,CA,Wind,4305876.0,2004-01-01,28598263.0,252025973.0,0.0,11.318,58.858,-0.15,21.76,-0.03,-0.568,-0.247
209,2004,CA,Wood and Wood Derived Fuels,3826904.0,2004-01-01,28598263.0,252025973.0,0.0,11.318,58.858,-0.15,21.76,-0.03,-0.568,-0.247
210,2005,CA,Coal,2135376.0,2005-01-01,29567100.0,254249506.0,0.0,11.568,58.6,-0.408,30.1,8.31,1.342,1.663
211,2005,CA,Geothermal,13022640.0,2005-01-01,29567100.0,254249506.0,0.0,11.568,58.6,-0.408,30.1,8.31,1.342,1.663
212,2005,CA,Hydroelectric Conventional,39631865.0,2005-01-01,29567100.0,254249506.0,0.0,11.568,58.6,-0.408,30.1,8.31,1.342,1.663
213,2005,CA,Natural Gas,93353850.0,2005-01-01,29567100.0,254249506.0,0.0,11.568,58.6,-0.408,30.1,8.31,1.342,1.663
214,2005,CA,Nuclear,36154898.0,2005-01-01,29567100.0,254249506.0,0.0,11.568,58.6,-0.408,30.1,8.31,1.342,1.663
215,2005,CA,Other,419508.0,2005-01-01,29567100.0,254249506.0,0.0,11.568,58.6,-0.408,30.1,8.31,1.342,1.663
216,2005,CA,Other Biomass,2223526.0,2005-01-01,29567100.0,254249506.0,0.0,11.568,58.6,-0.408,30.1,8.31,1.342,1.663
217,2005,CA,Other Gases,2279584.0,2005-01-01,29567100.0,254249506.0,0.0,11.568,58.6,-0.408,30.1,8.31,1.342,1.663
218,2005,CA,Petroleum,2543697.0,2005-01-01,29567100.0,254249506.0,0.0,11.568,58.6,-0.408,30.1,8.31,1.342,1.663
219,2005,CA,Pumped Storage,119793.0,2005-01-01,29567100.0,254249506.0,0.0,11.568,58.6,-0.408,30.1,8.31,1.342,1.663
220,2005,CA,Solar Thermal and Photovoltaic,536713.0,2005-01-01,29567100.0,254249506.0,0.0,11.568,58.6,-0.408,30.1,8.31,1.342,1.663
222,2005,CA,Wind,4262229.0,2005-01-01,29567100.0,254249506.0,0.0,11.568,58.6,-0.408,30.1,8.31,1.342,1.663
223,2005,CA,Wood and Wood Derived Fuels,3609140.0,2005-01-01,29567100.0,254249506.0,0.0,11.568,58.6,-0.408,30.1,8.31,1.342,1.663
224,2006,CA,Coal,2235342.0,2006-01-01,33711835.0,262958528.0,0.0,12.714,58.642,-0.367,23.61,1.82,-0.056,0.266
225,2006,CA,Geothermal,12821433.0,2006-01-01,33711835.0,262958528.0,0.0,12.714,58.642,-0.367,23.61,1.82,-0.056,0.266
226,2006,CA,Hydroelectric Conventional,48047379.0,2006-01-01,33711835.0,262958528.0,0.0,12.714,58.642,-0.367,23.61,1.82,-0.056,0.266
227,2006,CA,Natural Gas,105691117.0,2006-01-01,33711835.0,262958528.0,0.0,12.714,58.642,-0.367,23.61,1.82,-0.056,0.266
228,2006,CA,Nuclear,31958621.0,2006-01-01,33711835.0,262958528.0,0.0,12.714,58.642,-0.367,23.61,1.82,-0.056,0.266
229,2006,CA,Other,464077.0,2006-01-01,33711835.0,262958528.0,0.0,12.714,58.642,-0.367,23.61,1.82,-0.056,0.266
230,2006,CA,Other Biomass,2294495.0,2006-01-01,33711835.0,262958528.0,0.0,12.714,58.642,-0.367,23.61,1.82,-0.056,0.266
231,2006,CA,Other Gases,2022445.0,2006-01-01,33711835.0,262958528.0,0.0,12.714,58.642,-0.367,23.61,1.82,-0.056,0.266
232,2006,CA,Petroleum,2368175.0,2006-01-01,33711835.0,262958528.0,0.0,12.714,58.642,-0.367,23.61,1.82,-0.056,0.266
233,2006,CA,Pumped Storage,96137.0,2006-01-01,33711835.0,262958528.0,0.0,12.714,58.642,-0.367,23.61,1.82,-0.056,0.266
234,2006,CA,Solar Thermal and Photovoltaic,494572.0,2006-01-01,33711835.0,262958528.0,0.0,12.714,58.642,-0.367,23.61,1.82,-0.056,0.266
236,2006,CA,Wind,4882800.0,2006-01-01,33711835.0,262958528.0,0.0,12.714,58.642,-0.367,23.61,1.82,-0.056,0.266
237,2006,CA,Wood and Wood Derived Fuels,3422093.0,2006-01-01,33711835.0,262958528.0,0.0,12.714,58.642,-0.367,23.61,1.82,-0.056,0.266
238,2007,CA,Coal,2298305.0,2007-01-01,33831188.0,264234911.0,13938656.667,12.727,58.925,-0.083,13.83,-7.96,-1.553,-1.232
239,2007,CA,Geothermal,12990712.0,2007-01-01,33831188.0,264234911.0,13938656.667,12.727,58.925,-0.083,13.83,-7.96,-1.553,-1.232
240,2007,CA,Hydroelectric Conventional,27327751.0,2007-01-01,33831188.0,264234911.0,13938656.667,12.727,58.925,-0.083,13.83,-7.96,-1.553,-1.232
241,2007,CA,Natural Gas,115700470.0,2007-01-01,33831188.0,264234911.0,13938656.667,12.727,58.925,-0.083,13.83,-7.96,-1.553,-1.232
242,2007,CA,Nuclear,35792490.0,2007-01-01,33831188.0,264234911.0,13938656.667,12.727,58.925,-0.083,13.83,-7.96,-1.553,-1.232
243,2007,CA,Other,421447.0,2007-01-01,33831188.0,264234911.0,13938656.667,12.727,58.925,-0.083,13.83,-7.96,-1.553,-1.232
244,2007,CA,Other Biomass,2305229.0,2007-01-01,33831188.0,264234911.0,13938656.667,12.727,58.925,-0.083,13.83,-7.96,-1.553,-1.232
245,2007,CA,Other Gases,1818107.0,2007-01-01,33831188.0,264234911.0,13938656.667,12.727,58.925,-0.083,13.83,-7.96,-1.553,-1.232
246,2007,CA,Petroleum,2333972.0,2007-01-01,33831188.0,264234911.0,13938656.667,12.727,58.925,-0.083,13.83,-7.96,-1.553,-1.232
247,2007,CA,Pumped Storage,309779.0,2007-01-01,33831188.0,264234911.0,13938656.667,12.727,58.925,-0.083,13.83,-7.96,-1.553,-1.232
248,2007,CA,Solar Thermal and Photovoltaic,556969.0,2007-01-01,33831188.0,264234911.0,13938656.667,12.727,58.925,-0.083,13.83,-7.96,-1.553,-1.232
250,2007,CA,Wind,5584934.0,2007-01-01,33831188.0,264234911.0,13938656.667,12.727,58.925,-0.083,13.83,-7.96,-1.553,-1.232
251,2007,CA,Wood and Wood Derived Fuels,3407416.0,2007-01-01,33831188.0,264234911.0,13938656.667,12.727,58.925,-0.083,13.83,-7.96,-1.553,-1.232
252,2008,CA,Coal,2280400.0,2008-01-01,33496752.0,268155219.0,14826790.167,12.422,58.917,-0.092,17.85,-3.94,-1.188,-0.866
253,2008,CA,Geothermal,12882999.0,2008-01-01,33496752.0,268155219.0,14826790.167,12.422,58.917,-0.092,17.85,-3.94,-1.188,-0.866
254,2008,CA,Hydroelectric Conventional,24127811.0,2008-01-01,33496752.0,268155219.0,14826790.167,12.422,58.917,-0.092,17.85,-3.94,-1.188,-0.866
255,2008,CA,Natural Gas,119991738.0,2008-01-01,33496752.0,268155219.0,14826790.167,12.422,58.917,-0.092,17.85,-3.94,-1.188,-0.866
256,2008,CA,Nuclear,32482351.0,2008-01-01,33496752.0,268155219.0,14826790.167,12.422,58.917,-0.092,17.85,-3.94,-1.188,-0.866
257,2008,CA,Other,570313.0,2008-01-01,33496752.0,268155219.0,14826790.167,12.422,58.917,-0.092,17.85,-3.94,-1.188,-0.866
258,2008,CA,Other Biomass,2361947.0,2008-01-01,33496752.0,268155219.0,14826790.167,12.422,58.917,-0.092,17.85,-3.94,-1.188,-0.866
259,2008,CA,Other Gases,1684862.0,2008-01-01,33496752.0,268155219.0,14826790.167,12.422,58.917,-0.092,17.85,-3.94,-1.188,-0.866
260,2008,CA,Petroleum,1741589.0,2008-01-01,33496752.0,268155219.0,14826790.167,12.422,58.917,-0.092,17.85,-3.94,-1.188,-0.866
261,2008,CA,Pumped Storage,321263.0,2008-01-01,33496752.0,268155219.0,14826790.167,12.422,58.917,-0.092,17.85,-3.94,-1.188,-0.866
262,2008,CA,Solar Thermal and Photovoltaic,670481.0,2008-01-01,33496752.0,268155219.0,14826790.167,12.422,58.917,-0.092,17.85,-3.94,-1.188,-0.866
264,2008,CA,Wind,5384954.0,2008-01-01,33496752.0,268155219.0,14826790.167,12.422,58.917,-0.092,17.85,-3.94,-1.188,-0.866
265,2008,CA,Wood and Wood Derived Fuels,3483555.0,2008-01-01,33496752.0,268155219.0,14826790.167,12.422,58.917,-0.092,17.85,-3.94,-1.188,-0.866
266,2009,CA,Coal,2049947.0,2009-01-01,34369105.0,259583674.0,14789505.417,13.139,58.833,-0.175,17.05,-4.74,-0.879,-0.558
267,2009,CA,Geothermal,12852783.0,2009-01-01,34369105.0,259583674.0,14789505.417,13.139,58.833,-0.175,17.05,-4.74,-0.879,-0.558
268,2009,CA,Hydroelectric Conventional,27888037.0,2009-01-01,34369105.0,259583674.0,14789505.417,13.139,58.833,-0.175,17.05,-4.74,-0.879,-0.558
269,2009,CA,Natural Gas,113463454.0,2009-01-01,34369105.0,259583674.0,14789505.417,13.139,58.833,-0.175,17.05,-4.74,-0.879,-0.558
270,2009,CA,Nuclear,31763804.0,2009-01-01,34369105.0,259583674.0,14789505.417,13.139,58.833,-0.175,17.05,-4.74,-0.879,-0.558
271,2009,CA,Other,752687.0,2009-01-01,34369105.0,259583674.0,14789505.417,13.139,58.833,-0.175,17.05,-4.74,-0.879,-0.558
272,2009,CA,Other Biomass,2467662.0,2009-01-01,34369105.0,259583674.0,14789505.417,13.139,58.833,-0.175,17.05,-4.74,-0.879,-0.558
273,2009,CA,Other Gases,1622845.0,2009-01-01,34369105.0,259583674.0,14789505.417,13.139,58.833,-0.175,17.05,-4.74,-0.879,-0.558
274,2009,CA,Petroleum,1542847.0,2009-01-01,34369105.0,259583674.0,14789505.417,13.139,58.833,-0.175,17.05,-4.74,-0.879,-0.558
275,2009,CA,Pumped Storage,152849.0,2009-01-01,34369105.0,259583674.0,14789505.417,13.139,58.833,-0.175,17.05,-4.74,-0.879,-0.558
276,2009,CA,Solar Thermal and Photovoltaic,647390.0,2009-01-01,34369105.0,259583674.0,14789505.417,13.139,58.833,-0.175,17.05,-4.74,-0.879,-0.558
278,2009,CA,Wind,5839815.0,2009-01-01,34369105.0,259583674.0,14789505.417,13.139,58.833,-0.175,17.05,-4.74,-0.879,-0.558
279,2009,CA,Wood and Wood Derived Fuels,3732017.0,2009-01-01,34369105.0,259583674.0,14789505.417,13.139,58.833,-0.175,17.05,-4.74,-0.879,-0.558
280,2010,CA,Coal,2100220.0,2010-01-01,33636629.0,258530892.0,14837716.833,12.942,57.725,-1.283,31.18,9.39,1.161,1.483
281,2010,CA,Geothermal,12600099.0,2010-01-01,33636629.0,258530892.0,14837716.833,12.942,57.725,-1.283,31.18,9.39,1.161,1.483
282,2010,CA,Hydroelectric Conventional,33430869.0,2010-01-01,33636629.0,258530892.0,14837716.833,12.942,57.725,-1.283,31.18,9.39,1.161,1.483
283,2010,CA,Natural Gas,107522313.0,2010-01-01,33636629.0,258530892.0,14837716.833,12.942,57.725,-1.283,31.18,9.39,1.161,1.483
284,2010,CA,Nuclear,32200757.0,2010-01-01,33636629.0,258530892.0,14837716.833,12.942,57.725,-1.283,31.18,9.39,1.161,1.483
285,2010,CA,Other,839048.0,2010-01-01,33636629.0,258530892.0,14837716.833,12.942,57.725,-1.283,31.18,9.39,1.161,1.483
286,2010,CA,Other Biomass,2450782.0,2010-01-01,33636629.0,258530892.0,14837716.833,12.942,57.725,-1.283,31.18,9.39,1.161,1.483
287,2010,CA,Other Gases,1694639.0,2010-01-01,33636629.0,258530892.0,14837716.833,12.942,57.725,-1.283,31.18,9.39,1.161,1.483
288,2010,CA,Petroleum,1059290.0,2010-01-01,33636629.0,258530892.0,14837716.833,12.942,57.725,-1.283,31.18,9.39,1.161,1.483
289,2010,CA,Pumped Storage,-171265.0,2010-01-01,33636629.0,258530892.0,14837716.833,12.942,57.725,-1.283,31.18,9.39,1.161,1.483
290,2010,CA,Solar Thermal and Photovoltaic,769332.0,2010-01-01,33636629.0,258530892.0,14837716.833,12.942,57.725,-1.283,31.18,9.39,1.161,1.483
292,2010,CA,Wind,6078630.0,2010-01-01,33636629.0,258530892.0,14837716.833,12.942,57.725,-1.283,31.18,9.39,1.161,1.483
293,2010,CA,Wood and Wood Derived Fuels,3550877.0,2010-01-01,33636629.0,258530892.0,14837716.833,12.942,57.725,-1.283,31.18,9.39,1.161,1.483
294,2011,CA,Coal,1982182.39,2011-01-01,34192714.0,261941700.0,14894334.167,12.987,57.433,-1.575,18.79,-3.0,0.243,0.565
295,2011,CA,Geothermal,12552383.01,2011-01-01,34192714.0,261941700.0,14894334.167,12.987,57.433,-1.575,18.79,-3.0,0.243,0.565
296,2011,CA,Hydroelectric Conventional,42557466.89,2011-01-01,34192714.0,261941700.0,14894334.167,12.987,57.433,-1.575,18.79,-3.0,0.243,0.565
297,2011,CA,Natural Gas,88973830.75,2011-01-01,34192714.0,261941700.0,14894334.167,12.987,57.433,-1.575,18.79,-3.0,0.243,0.565
298,2011,CA,Nuclear,36663247.0,2011-01-01,34192714.0,261941700.0,14894334.167,12.987,57.433,-1.575,18.79,-3.0,0.243,0.565
299,2011,CA,Other,916924.1,2011-01-01,34192714.0,261941700.0,14894334.167,12.987,57.433,-1.575,18.79,-3.0,0.243,0.565
300,2011,CA,Other Biomass,2584692.85,2011-01-01,34192714.0,261941700.0,14894334.167,12.987,57.433,-1.575,18.79,-3.0,0.243,0.565
301,2011,CA,Other Gases,1666987.37,2011-01-01,34192714.0,261941700.0,14894334.167,12.987,57.433,-1.575,18.79,-3.0,0.243,0.565
302,2011,CA,Petroleum,910571.57,2011-01-01,34192714.0,261941700.0,14894334.167,12.987,57.433,-1.575,18.79,-3.0,0.243,0.565
303,2011,CA,Pumped Storage,-88793.0,2011-01-01,34192714.0,261941700.0,14894334.167,12.987,57.433,-1.575,18.79,-3.0,0.243,0.565
304,2011,CA,Solar Thermal and Photovoltaic,888829.41,2011-01-01,34192714.0,261941700.0,14894334.167,12.987,57.433,-1.575,18.79,-3.0,0.243,0.565
306,2011,CA,Wind,7751837.02,2011-01-01,34192714.0,261941700.0,14894334.167,12.987,57.433,-1.575,18.79,-3.0,0.243,0.565
307,2011,CA,Wood and Wood Derived Fuels,3444683.22,2011-01-01,34192714.0,261941700.0,14894334.167,12.987,57.433,-1.575,18.79,-3.0,0.243,0.565
308,2012,CA,Coal,1375083.24,2012-01-01,35123307.0,259538038.0,15010476.417,13.436,59.508,0.5,23.45,1.66,-0.329,-0.008
309,2012,CA,Geothermal,12518999.01,2012-01-01,35123307.0,259538038.0,15010476.417,13.436,59.508,0.5,23.45,1.66,-0.329,-0.008
310,2012,CA,Hydroelectric Conventional,26837370.42,2012-01-01,35123307.0,259538038.0,15010476.417,13.436,59.508,0.5,23.45,1.66,-0.329,-0.008
311,2012,CA,Natural Gas,119668328.63,2012-01-01,35123307.0,259538038.0,15010476.417,13.436,59.508,0.5,23.45,1.66,-0.329,-0.008
312,2012,CA,Nuclear,18507408.0,2012-01-01,35123307.0,259538038.0,15010476.417,13.436,59.508,0.5,23.45,1.66,-0.329,-0.008
313,2012,CA,Other,814685.49,2012-01-01,35123307.0,259538038.0,15010476.417,13.436,59.508,0.5,23.45,1.66,-0.329,-0.008
314,2012,CA,Other Biomass,2513721.15,2012-01-01,35123307.0,259538038.0,15010476.417,13.436,59.508,0.5,23.45,1.66,-0.329,-0.008
315,2012,CA,Other Gases,1484163.55,2012-01-01,35123307.0,259538038.0,15010476.417,13.436,59.508,0.5,23.45,1.66,-0.329,-0.008
316,2012,CA,Petroleum,289822.72,2012-01-01,35123307.0,259538038.0,15010476.417,13.436,59.508,0.5,23.45,1.66,-0.329,-0.008
317,2012,CA,Pumped Storage,574859.01,2012-01-01,35123307.0,259538038.0,15010476.417,13.436,59.508,0.5,23.45,1.66,-0.329,-0.008
318,2012,CA,Solar Thermal and Photovoltaic,1382299.86,2012-01-01,35123307.0,259538038.0,15010476.417,13.436,59.508,0.5,23.45,1.66,-0.329,-0.008
320,2012,CA,Wind,9754229.68,2012-01-01,35123307.0,259538038.0,15010476.417,13.436,59.508,0.5,23.45,1.66,-0.329,-0.008
321,2012,CA,Wood and Wood Derived Fuels,3797595.99,2012-01-01,35123307.0,259538038.0,15010476.417,13.436,59.508,0.5,23.45,1.66,-0.329,-0.008
322,2013,CA,Coal,823170.95,2013-01-01,37372308.2,261332460.0,15107542.5,14.205,59.317,0.308,7.93,-13.86,-1.857,-1.535
323,2013,CA,Geothermal,12306571.01,2013-01-01,37372308.2,261332460.0,15107542.5,14.205,59.317,0.308,7.93,-13.86,-1.857,-1.535
324,2013,CA,Hydroelectric Conventional,23754599.48,2013-01-01,37372308.2,261332460.0,15107542.5,14.205,59.317,0.308,7.93,-13.86,-1.857,-1.535
325,2013,CA,Natural Gas,119522859.29,2013-01-01,37372308.2,261332460.0,15107542.5,14.205,59.317,0.308,7.93,-13.86,-1.857,-1.535
326,2013,CA,Nuclear,17911943.0,2013-01-01,37372308.2,261332460.0,15107542.5,14.205,59.317,0.308,7.93,-13.86,-1.857,-1.535
327,2013,CA,Other,816044.75,2013-01-01,37372308.2,261332460.0,15107542.5,14.205,59.317,0.308,7.93,-13.86,-1.857,-1.535
328,2013,CA,Other Biomass,2843202.85,2013-01-01,37372308.2,261332460.0,15107542.5,14.205,59.317,0.308,7.93,-13.86,-1.857,-1.535
329,2013,CA,Other Gases,1405720.18,2013-01-01,37372308.2,261332460.0,15107542.5,14.205,59.317,0.308,7.93,-13.86,-1.857,-1.535
330,2013,CA,Petroleum,68854.74,2013-01-01,37372308.2,261332460.0,15107542.5,14.205,59.317,0.308,7.93,-13.86,-1.857,-1.535
331,2013,CA,Pumped Storage,196290.0,2013-01-01,37372308.2,261332460.0,15107542.5,14.205,59.317,0.308,7.93,-13.86,-1.857,-1.535
332,2013,CA,Solar Thermal and Photovoltaic,3813724.8,2013-01-01,37372308.2,261332460.0,15107542.5,14.205,59.317,0.308,7.93,-13.86,-1.857,-1.535
334,2013,CA,Wind,12822060.42,2013-01-01,37372308.2,261332460.0,15107542.5,14.205,59.317,0.308,7.93,-13.86,-1.857,-1.535
335,2013,CA,Wood and Wood Derived Fuels,3792073.16,2013-01-01,37372308.2,261332460.0,15107542.5,14.205,59.317,0.308,7.93,-13.86,-1.857,-1.535
336,2014,CA,Coal,796221.86,2014-01-01,39780325.8,262584786.0,15079223.75,14.99,61.45,2.442,19.9,-1.89,-1.689,-1.368
337,2014,CA,Geothermal,12594683.57,2014-01-01,39780325.8,262584786.0,15079223.75,14.99,61.45,2.442,19.9,-1.89,-1.689,-1.368
338,2014,CA,Hydroelectric Conventional,16409268.23,2014-01-01,39780325.8,262584786.0,15079223.75,14.99,61.45,2.442,19.9,-1.89,-1.689,-1.368
339,2014,CA,Natural Gas,118267297.59,2014-01-01,39780325.8,262584786.0,15079223.75,14.99,61.45,2.442,19.9,-1.89,-1.689,-1.368
340,2014,CA,Nuclear,16985978.0,2014-01-01,39780325.8,262584786.0,15079223.75,14.99,61.45,2.442,19.9,-1.89,-1.689,-1.368
341,2014,CA,Other,812134.02,2014-01-01,39780325.8,262584786.0,15079223.75,14.99,61.45,2.442,19.9,-1.89,-1.689,-1.368
342,2014,CA,Other Biomass,2860102.86,2014-01-01,39780325.8,262584786.0,15079223.75,14.99,61.45,2.442,19.9,-1.89,-1.689,-1.368
343,2014,CA,Other Gases,1285878.06,2014-01-01,39780325.8,262584786.0,15079223.75,14.99,61.45,2.442,19.9,-1.89,-1.689,-1.368
344,2014,CA,Petroleum,64586.63,2014-01-01,39780325.8,262584786.0,15079223.75,14.99,61.45,2.442,19.9,-1.89,-1.689,-1.368
345,2014,CA,Pumped Storage,-139908.0,2014-01-01,39780325.8,262584786.0,15079223.75,14.99,61.45,2.442,19.9,-1.89,-1.689,-1.368
346,2014,CA,Solar Thermal and Photovoltaic,9890948.01,2014-01-01,39780325.8,262584786.0,15079223.75,14.99,61.45,2.442,19.9,-1.89,-1.689,-1.368
348,2014,CA,Wind,13775968.97,2014-01-01,39780325.8,262584786.0,15079223.75,14.99,61.45,2.442,19.9,-1.89,-1.689,-1.368
349,2014,CA,Wood and Wood Derived Fuels,4101582.35,2014-01-01,39780325.8,262584786.0,15079223.75,14.99,61.45,2.442,19.9,-1.89,-1.689,-1.368
350,2015,CA,Coal,297873.0,2015-01-01,40284580.5,261170437.0,15214446.667,15.292,60.758,1.75,15.04,-6.75,-1.392,-1.07
351,2015,CA,Geothermal,11883134.0,2015-01-01,40284580.5,261170437.0,15214446.667,15.292,60.758,1.75,15.04,-6.75,-1.392,-1.07
352,2015,CA,Hydroelectric Conventional,13808499.0,2015-01-01,40284580.5,261170437.0,15214446.667,15.292,60.758,1.75,15.04,-6.75,-1.392,-1.07
353,2015,CA,Natural Gas,116139607.0,2015-01-01,40284580.5,261170437.0,15214446.667,15.292,60.758,1.75,15.04,-6.75,-1.392,-1.07
354,2015,CA,Nuclear,18505385.0,2015-01-01,40284580.5,261170437.0,15214446.667,15.292,60.758,1.75,15.04,-6.75,-1.392,-1.07
355,2015,CA,Other,811716.0,2015-01-01,40284580.5,261170437.0,15214446.667,15.292,60.758,1.75,15.04,-6.75,-1.392,-1.07
356,2015,CA,Other Biomass,2883730.0,2015-01-01,40284580.5,261170437.0,15214446.667,15.292,60.758,1.75,15.04,-6.75,-1.392,-1.07
357,2015,CA,Other Gases,1548638.0,2015-01-01,40284580.5,261170437.0,15214446.667,15.292,60.758,1.75,15.04,-6.75,-1.392,-1.07
358,2015,CA,Petroleum,84515.0,2015-01-01,40284580.5,261170437.0,15214446.667,15.292,60.758,1.75,15.04,-6.75,-1.392,-1.07
359,2015,CA,Pumped Storage,112650.0,2015-01-01,40284580.5,261170437.0,15214446.667,15.292,60.758,1.75,15.04,-6.75,-1.392,-1.07
360,2015,CA,Solar Thermal and Photovoltaic,14814384.0,2015-01-01,40284580.5,261170437.0,15214446.667,15.292,60.758,1.75,15.04,-6.75,-1.392,-1.07
362,2015,CA,Wind,12229558.0,2015-01-01,40284580.5,261170437.0,15214446.667,15.292,60.758,1.75,15.04,-6.75,-1.392,-1.07
363,2015,CA,Wood and Wood Derived Fuels,3584164.0,2015-01-01,40284580.5,261170437.0,15214446.667,15.292,60.758,1.75,15.04,-6.75,-1.392,-1.07
364,2016,CA,Coal,318876.0,2016-01-01,39116326.6,256846635.0,15286017.75,15.111,60.133,1.125,25.73,3.94,0.08,0.402
365,2016,CA,Geothermal,11457299.0,2016-01-01,39116326.6,256846635.0,15286017.75,15.111,60.133,1.125,25.73,3.94,0.08,0.402
366,2016,CA,Hydroelectric Conventional,28942121.0,2016-01-01,39116326.6,256846635.0,15286017.75,15.111,60.133,1.125,25.73,3.94,0.08,0.402
367,2016,CA,Natural Gas,97073664.0,2016-01-01,39116326.6,256846635.0,15286017.75,15.111,60.133,1.125,25.73,3.94,0.08,0.402
368,2016,CA,Nuclear,18907578.0,2016-01-01,39116326.6,256846635.0,15286017.75,15.111,60.133,1.125,25.73,3.94,0.08,0.402
369,2016,CA,Other,665664.0,2016-01-01,39116326.6,256846635.0,15286017.75,15.111,60.133,1.125,25.73,3.94,0.08,0.402
370,2016,CA,Other Biomass,2909932.0,2016-01-01,39116326.6,256846635.0,15286017.75,15.111,60.133,1.125,25.73,3.94,0.08,0.402
371,2016,CA,Other Gases,1426818.0,2016-01-01,39116326.6,256846635.0,15286017.75,15.111,60.133,1.125,25.73,3.94,0.08,0.402
372,2016,CA,Petroleum,175581.0,2016-01-01,39116326.6,256846635.0,15286017.75,15.111,60.133,1.125,25.73,3.94,0.08,0.402
373,2016,CA,Pumped Storage,-259349.0,2016-01-01,39116326.6,256846635.0,15286017.75,15.111,60.133,1.125,25.73,3.94,0.08,0.402
374,2016,CA,Solar Thermal and Photovoltaic,18806713.0,2016-01-01,39116326.6,256846635.0,15286017.75,15.111,60.133,1.125,25.73,3.94,0.08,0.402
376,2016,CA,Wind,13509039.0,2016-01-01,39116326.6,256846635.0,15286017.75,15.111,60.133,1.125,25.73,3.94,0.08,0.402
377,2016,CA,Wood and Wood Derived Fuels,3029285.0,2016-01-01,39116326.6,256846635.0,15286017.75,15.111,60.133,1.125,25.73,3.94,0.08,0.402
378,2017,CA,Coal,291092.0,2017-01-01,41315237.2,257267938.0,15392132.25,15.918,60.342,1.333,28.17,6.38,0.165,0.487
379,2017,CA,Geothermal,11559599.0,2017-01-01,41315237.2,257267938.0,15392132.25,15.918,60.342,1.333,28.17,6.38,0.165,0.487
380,2017,CA,Hydroelectric Conventional,42363140.0,2017-01-01,41315237.2,257267938.0,15392132.25,15.918,60.342,1.333,28.17,6.38,0.165,0.487
381,2017,CA,Natural Gas,88350157.0,2017-01-01,41315237.2,257267938.0,15392132.25,15.918,60.342,1.333,28.17,6.38,0.165,0.487
382,2017,CA,Nuclear,17901079.0,2017-01-01,41315237.2,257267938.0,15392132.25,15.918,60.342,1.333,28.17,6.38,0.165,0.487
383,2017,CA,Other,835537.0,2017-01-01,41315237.2,257267938.0,15392132.25,15.918,60.342,1.333,28.17,6.38,0.165,0.487
384,2017,CA,Other Biomass,2840997.0,2017-01-01,41315237.2,257267938.0,15392132.25,15.918,60.342,1.333,28.17,6.38,0.165,0.487
385,2017,CA,Other Gases,1408336.0,2017-01-01,41315237.2,257267938.0,15392132.25,15.918,60.342,1.333,28.17,6.38,0.165,0.487
386,2017,CA,Petroleum,45797.0,2017-01-01,41315237.2,257267938.0,15392132.25,15.918,60.342,1.333,28.17,6.38,0.165,0.487
387,2017,CA,Pumped Storage,407454.0,2017-01-01,41315237.2,257267938.0,15392132.25,15.918,60.342,1.333,28.17,6.38,0.165,0.487
388,2017,CA,Solar Thermal and Photovoltaic,24352916.0,2017-01-01,41315237.2,257267938.0,15392132.25,15.918,60.342,1.333,28.17,6.38,0.165,0.487
390,2017,CA,Wind,12822949.0,2017-01-01,41315237.2,257267938.0,15392132.25,15.918,60.342,1.333,28.17,6.38,0.165,0.487
391,2017,CA,Wood and Wood Derived Fuels,2967464.0,2017-01-01,41315237.2,257267938.0,15392132.25,15.918,60.342,1.333,28.17,6.38,0.165,0.487
392,2018,CA,Coal,281330.0,2018-01-01,42332462.0,255349611.0,15454773.25,16.439,60.125,1.117,18.09,-3.7,-0.989,-0.668
393,2018,CA,Geothermal,11676841.0,2018-01-01,42332462.0,255349611.0,15454773.25,16.439,60.125,1.117,18.09,-3.7,-0.989,-0.668
394,2018,CA,Hydroelectric Conventional,26330667.0,2018-01-01,42332462.0,255349611.0,15454773.25,16.439,60.125,1.117,18.09,-3.7,-0.989,-0.668
395,2018,CA,Natural Gas,89804704.0,2018-01-01,42332462.0,255349611.0,15454773.25,16.439,60.125,1.117,18.09,-3.7,-0.989,-0.668
396,2018,CA,Nuclear,18213519.0,2018-01-01,42332462.0,255349611.0,15454773.25,16.439,60.125,1.117,18.09,-3.7,-0.989,-0.668
397,2018,CA,Other,828768.0,2018-01-01,42332462.0,255349611.0,15454773.25,16.439,60.125,1.117,18.09,-3.7,-0.989,-0.668
398,2018,CA,Other Biomass,2823851.0,2018-01-01,42332462.0,255349611.0,15454773.25,16.439,60.125,1.117,18.09,-3.7,-0.989,-0.668
399,2018,CA,Other Gases,1453959.0,2018-01-01,42332462.0,255349611.0,15454773.25,16.439,60.125,1.117,18.09,-3.7,-0.989,-0.668
400,2018,CA,Petroleum,68877.0,2018-01-01,42332462.0,255349611.0,15454773.25,16.439,60.125,1.117,18.09,-3.7,-0.989,-0.668
401,2018,CA,Pumped Storage,-148574.0,2018-01-01,42332462.0,255349611.0,15454773.25,16.439,60.125,1.117,18.09,-3.7,-0.989,-0.668
402,2018,CA,Solar Thermal and Photovoltaic,26985177.0,2018-01-01,42332462.0,255349611.0,15454773.25,16.439,60.125,1.117,18.09,-3.7,-0.989,-0.668
404,2018,CA,Wind,14023951.0,2018-01-01,42332462.0,255349611.0,15454773.25,16.439,60.125,1.117,18.09,-3.7,-0.989,-0.668
405,2018,CA,Wood and Wood Derived Fuels,3122571.0,2018-01-01,42332462.0,255349611.0,15454773.25,16.439,60.125,1.117,18.09,-3.7,-0.989,-0.668
406,2019,CA,Coal,240456.0,2019-01-01,42290064.5,250378711.0,15573394.167,16.794,58.408,-0.6,29.12,7.33,0.685,1.007
407,2019,CA,Geothermal,10914108.0,2019-01-01,42290064.5,250378711.0,15573394.167,16.794,58.408,-0.6,29.12,7.33,0.685,1.007
408,2019,CA,Hydroelectric Conventional,38354769.0,2019-01-01,42290064.5,250378711.0,15573394.167,16.794,58.408,-0.6,29.12,7.33,0.685,1.007
409,2019,CA,Natural Gas,85840775.0,2019-01-01,42290064.5,250378711.0,15573394.167,16.794,58.408,-0.6,29.12,7.33,0.685,1.007
410,2019,CA,Nuclear,16165384.0,2019-01-01,42290064.5,250378711.0,15573394.167,16.794,58.408,-0.6,29.12,7.33,0.685,1.007
411,2019,CA,Other,765025.0,2019-01-01,42290064.5,250378711.0,15573394.167,16.794,58.408,-0.6,29.12,7.33,0.685,1.007
412,2019,CA,Other Biomass,2722625.0,2019-01-01,42290064.5,250378711.0,15573394.167,16.794,58.408,-0.6,29.12,7.33,0.685,1.007
413,2019,CA,Other Gases,1476204.0,2019-01-01,42290064.5,250378711.0,15573394.167,16.794,58.408,-0.6,29.12,7.33,0.685,1.007
414,2019,CA,Petroleum,50954.0,2019-01-01,42290064.5,250378711.0,15573394.167,16.794,58.408,-0.6,29.12,7.33,0.685,1.007
415,2019,CA,Pumped Storage,-30615.0,2019-01-01,42290064.5,250378711.0,15573394.167,16.794,58.408,-0.6,29.12,7.33,0.685,1.007
416,2019,CA,Solar Thermal and Photovoltaic,28331513.0,2019-01-01,42290064.5,250378711.0,15573394.167,16.794,58.408,-0.6,29.12,7.33,0.685,1.007
418,2019,CA,Wind,13735068.0,2019-01-01,42290064.5,250378711.0,15573394.167,16.794,58.408,-0.6,29.12,7.33,0.685,1.007
419,2019,CA,Wood and Wood Derived Fuels,3217939.0,2019-01-01,42290064.5,250378711.0,15573394.167,16.794,58.408,-0.6,29.12,7.33,0.685,1.007
420,2020,CA,Coal,290291.0,2020-01-01,45028612.0,250174673.0,15708391.25,17.857,60.517,1.508,12.07,-9.72,-1.39,-1.068
421,2020,CA,Geothermal,11366524.0,2020-01-01,45028612.0,250174673.0,15708391.25,17.857,60.517,1.508,12.07,-9.72,-1.39,-1.068
422,2020,CA,Hydroelectric Conventional,21377478.0,2020-01-01,45028612.0,250174673.0,15708391.25,17.857,60.517,1.508,12.07,-9.72,-1.39,-1.068
423,2020,CA,Natural Gas,92046683.0,2020-01-01,45028612.0,250174673.0,15708391.25,17.857,60.517,1.508,12.07,-9.72,-1.39,-1.068
424,2020,CA,Nuclear,16258698.0,2020-01-01,45028612.0,250174673.0,15708391.25,17.857,60.517,1.508,12.07,-9.72,-1.39,-1.068
425,2020,CA,Other,694661.0,2020-01-01,45028612.0,250174673.0,15708391.25,17.857,60.517,1.508,12.07,-9.72,-1.39,-1.068
426,2020,CA,Other Biomass,2615054.0,2020-01-01,45028612.0,250174673.0,15708391.25,17.857,60.517,1.508,12.07,-9.72,-1.39,-1.068
427,2020,CA,Other Gases,1537977.0,2020-01-01,45028612.0,250174673.0,15708391.25,17.857,60.517,1.508,12.07,-9.72,-1.39,-1.068
428,2020,CA,Petroleum,43916.0,2020-01-01,45028612.0,250174673.0,15708391.25,17.857,60.517,1.508,12.07,-9.72,-1.39,-1.068
429,2020,CA,Pumped Storage,-37126.0,2020-01-01,45028612.0,250174673.0,15708391.25,17.857,60.517,1.508,12.07,-9.72,-1.39,-1.068
430,2020,CA,Solar Thermal and Photovoltaic,30272576.0,2020-01-01,45028612.0,250174673.0,15708391.25,17.857,60.517,1.508,12.07,-9.72,-1.39,-1.068
432,2020,CA,Wind,13583089.0,2020-01-01,45028612.0,250174673.0,15708391.25,17.857,60.517,1.508,12.07,-9.72,-1.39,-1.068
433,2020,CA,Wood and Wood Derived Fuels,3025111.0,2020-01-01,45028612.0,250174673.0,15708391.25,17.857,60.517,1.508,12.07,-9.72,-1.39,-1.068
434,2021,CA,Coal,294155.0,2021-01-01,48614736.0,245954289.0,15703470.083,19.618,60.35,1.342,18.94,-2.85,-1.469,-1.148
435,2021,CA,Geothermal,11446695.0,2021-01-01,48614736.0,245954289.0,15703470.083,19.618,60.35,1.342,18.94,-2.85,-1.469,-1.148
436,2021,CA,Hydroelectric Conventional,14559408.0,2021-01-01,48614736.0,245954289.0,15703470.083,19.618,60.35,1.342,18.94,-2.85,-1.469,-1.148
437,2021,CA,Natural Gas,96490050.0,2021-01-01,48614736.0,245954289.0,15703470.083,19.618,60.35,1.342,18.94,-2.85,-1.469,-1.148
438,2021,CA,Nuclear,16477366.0,2021-01-01,48614736.0,245954289.0,15703470.083,19.618,60.35,1.342,18.94,-2.85,-1.469,-1.148
439,2021,CA,Other,609164.0,2021-01-01,48614736.0,245954289.0,15703470.083,19.618,60.35,1.342,18.94,-2.85,-1.469,-1.148
440,2021,CA,Other Biomass,2586876.0,2021-01-01,48614736.0,245954289.0,15703470.083,19.618,60.35,1.342,18.94,-2.85,-1.469,-1.148
441,2021,CA,Other Gases,1408996.0,2021-01-01,48614736.0,245954289.0,15703470.083,19.618,60.35,1.342,18.94,-2.85,-1.469,-1.148
442,2021,CA,Petroleum,75345.0,2021-01-01,48614736.0,245954289.0,15703470.083,19.618,60.35,1.342,18.94,-2.85,-1.469,-1.148
443,2021,CA,Pumped Storage,-317434.0,2021-01-01,48614736.0,245954289.0,15703470.083,19.618,60.35,1.342,18.94,-2.85,-1.469,-1.148
444,2021,CA,Solar Thermal and Photovoltaic,34259165.0,2021-01-01,48614736.0,245954289.0,15703470.083,19.618,60.35,1.342,18.94,-2.85,-1.469,-1.148
446,2021,CA,Wind,15625511.0,2021-01-01,48614736.0,245954289.0,15703470.083,19.618,60.35,1.342,18.94,-2.85,-1.469,-1.148
447,2021,CA,Wood and Wood Derived Fuels,3211810.0,2021-01-01,48614736.0,245954289.0,15703470.083,19.618,60.35,1.342,18.94,-2.85,-1.469,-1.148
