,Year,STATE,ENERGY SOURCE,GENERATION (MWh),Date,TOTAL_rev,TOTAL_sales,TOTAL_cust,TOTAL_price,Temperature,Delta from Mean Temp,Percipitation (in),Delta from Mean Pcp,Z-index Drought,Delta from Mean Z
0,1990,IA,Coal,25751940.996,1990-01-01,1744626.0,29437380.0,0.0,5.906,49.458,1.1,38.91,3.39,0.821,0.294
1,1990,IA,Hydroelectric Conventional,875114.004,1990-01-01,1744626.0,29437380.0,0.0,5.906,49.458,1.1,38.91,3.39,0.821,0.294
2,1990,IA,Natural Gas,333390.0,1990-01-01,1744626.0,29437380.0,0.0,5.906,49.458,1.1,38.91,3.39,0.821,0.294
3,1990,IA,Nuclear,3011571.996,1990-01-01,1744626.0,29437380.0,0.0,5.906,49.458,1.1,38.91,3.39,0.821,0.294
4,1990,IA,Other Biomass,18018.0,1990-01-01,1744626.0,29437380.0,0.0,5.906,49.458,1.1,38.91,3.39,0.821,0.294
5,1990,IA,Petroleum,54471.0,1990-01-01,1744626.0,29437380.0,0.0,5.906,49.458,1.1,38.91,3.39,0.821,0.294
6,1990,IA,Total,30044505.996,1990-01-01,1744626.0,29437380.0,0.0,5.906,49.458,1.1,38.91,3.39,0.821,0.294
7,1991,IA,Coal,26756771.004,1991-01-01,1828987.0,30781462.0,0.0,5.927,48.583,0.225,37.74,2.22,0.608,0.081
8,1991,IA,Hydroelectric Conventional,901110.996,1991-01-01,1828987.0,30781462.0,0.0,5.927,48.583,0.225,37.74,2.22,0.608,0.081
9,1991,IA,Natural Gas,388004.004,1991-01-01,1828987.0,30781462.0,0.0,5.927,48.583,0.225,37.74,2.22,0.608,0.081
10,1991,IA,Nuclear,4146810.996,1991-01-01,1828987.0,30781462.0,0.0,5.927,48.583,0.225,37.74,2.22,0.608,0.081
11,1991,IA,Other Biomass,25266.996,1991-01-01,1828987.0,30781462.0,0.0,5.927,48.583,0.225,37.74,2.22,0.608,0.081
12,1991,IA,Petroleum,49892.004,1991-01-01,1828987.0,30781462.0,0.0,5.927,48.583,0.225,37.74,2.22,0.608,0.081
13,1991,IA,Total,32267856.0,1991-01-01,1828987.0,30781462.0,0.0,5.927,48.583,0.225,37.74,2.22,0.608,0.081
14,1992,IA,Coal,25763013.0,1992-01-01,1807215.0,30208072.0,0.0,5.984,47.842,-0.517,36.21,0.69,1.118,0.592
15,1992,IA,Hydroelectric Conventional,999665.004,1992-01-01,1807215.0,30208072.0,0.0,5.984,47.842,-0.517,36.21,0.69,1.118,0.592
16,1992,IA,Natural Gas,269010.996,1992-01-01,1807215.0,30208072.0,0.0,5.984,47.842,-0.517,36.21,0.69,1.118,0.592
17,1992,IA,Nuclear,3405144.0,1992-01-01,1807215.0,30208072.0,0.0,5.984,47.842,-0.517,36.21,0.69,1.118,0.592
18,1992,IA,Other Biomass,20009.004,1992-01-01,1807215.0,30208072.0,0.0,5.984,47.842,-0.517,36.21,0.69,1.118,0.592
19,1992,IA,Petroleum,40085.004,1992-01-01,1807215.0,30208072.0,0.0,5.984,47.842,-0.517,36.21,0.69,1.118,0.592
20,1992,IA,Total,30496926.996,1992-01-01,1807215.0,30208072.0,0.0,5.984,47.842,-0.517,36.21,0.69,1.118,0.592
21,1993,IA,Coal,27531644.004,1993-01-01,1915530.0,32103911.0,0.0,5.957,45.667,-2.692,47.88,12.36,2.427,1.9
22,1993,IA,Hydroelectric Conventional,747182.004,1993-01-01,1915530.0,32103911.0,0.0,5.957,45.667,-2.692,47.88,12.36,2.427,1.9
23,1993,IA,Natural Gas,448989.0,1993-01-01,1915530.0,32103911.0,0.0,5.957,45.667,-2.692,47.88,12.36,2.427,1.9
24,1993,IA,Nuclear,3235008.996,1993-01-01,1915530.0,32103911.0,0.0,5.957,45.667,-2.692,47.88,12.36,2.427,1.9
25,1993,IA,Other Biomass,29264.004,1993-01-01,1915530.0,32103911.0,0.0,5.957,45.667,-2.692,47.88,12.36,2.427,1.9
26,1993,IA,Petroleum,56925.0,1993-01-01,1915530.0,32103911.0,0.0,5.957,45.667,-2.692,47.88,12.36,2.427,1.9
27,1993,IA,Total,32049012.996,1993-01-01,1915530.0,32103911.0,0.0,5.957,45.667,-2.692,47.88,12.36,2.427,1.9
28,1993,IA,Wind,0.0,1993-01-01,1915530.0,32103911.0,0.0,5.957,45.667,-2.692,47.88,12.36,2.427,1.9
29,1994,IA,Coal,27450891.996,1994-01-01,1957484.0,33039250.0,0.0,5.905,47.458,-0.9,29.55,-5.97,-0.035,-0.562
30,1994,IA,Hydroelectric Conventional,1071023.004,1994-01-01,1957484.0,33039250.0,0.0,5.905,47.458,-0.9,29.55,-5.97,-0.035,-0.562
31,1994,IA,Natural Gas,376485.0,1994-01-01,1957484.0,33039250.0,0.0,5.905,47.458,-0.9,29.55,-5.97,-0.035,-0.562
32,1994,IA,Nuclear,4107383.004,1994-01-01,1957484.0,33039250.0,0.0,5.905,47.458,-0.9,29.55,-5.97,-0.035,-0.562
33,1994,IA,Other Biomass,59285.004,1994-01-01,1957484.0,33039250.0,0.0,5.905,47.458,-0.9,29.55,-5.97,-0.035,-0.562
34,1994,IA,Petroleum,101790.0,1994-01-01,1957484.0,33039250.0,0.0,5.905,47.458,-0.9,29.55,-5.97,-0.035,-0.562
35,1994,IA,Total,33167006.004,1994-01-01,1957484.0,33039250.0,0.0,5.905,47.458,-0.9,29.55,-5.97,-0.035,-0.562
36,1994,IA,Wind,53.004,1994-01-01,1957484.0,33039250.0,0.0,5.905,47.458,-0.9,29.55,-5.97,-0.035,-0.562
37,1994,IA,Wood and Wood Derived Fuels,95.004,1994-01-01,1957484.0,33039250.0,0.0,5.905,47.458,-0.9,29.55,-5.97,-0.035,-0.562
38,1995,IA,Coal,29409704.004,1995-01-01,2069159.0,34300919.0,0.0,6.024,47.258,-1.1,32.26,-3.26,0.099,-0.428
39,1995,IA,Hydroelectric Conventional,1002974.004,1995-01-01,2069159.0,34300919.0,0.0,6.024,47.258,-1.1,32.26,-3.26,0.099,-0.428
40,1995,IA,Natural Gas,479889.0,1995-01-01,2069159.0,34300919.0,0.0,6.024,47.258,-1.1,32.26,-3.26,0.099,-0.428
41,1995,IA,Nuclear,3729969.996,1995-01-01,2069159.0,34300919.0,0.0,6.024,47.258,-1.1,32.26,-3.26,0.099,-0.428
42,1995,IA,Other Biomass,64134.996,1995-01-01,2069159.0,34300919.0,0.0,6.024,47.258,-1.1,32.26,-3.26,0.099,-0.428
43,1995,IA,Petroleum,65861.004,1995-01-01,2069159.0,34300919.0,0.0,6.024,47.258,-1.1,32.26,-3.26,0.099,-0.428
44,1995,IA,Total,34752927.996,1995-01-01,2069159.0,34300919.0,0.0,6.024,47.258,-1.1,32.26,-3.26,0.099,-0.428
45,1995,IA,Wind,117.0,1995-01-01,2069159.0,34300919.0,0.0,6.024,47.258,-1.1,32.26,-3.26,0.099,-0.428
46,1995,IA,Wood and Wood Derived Fuels,278.004,1995-01-01,2069159.0,34300919.0,0.0,6.024,47.258,-1.1,32.26,-3.26,0.099,-0.428
47,1996,IA,Coal,29342949.996,1996-01-01,2078499.0,34999414.0,0.0,5.922,45.167,-3.192,33.66,-1.86,0.614,0.087
48,1996,IA,Hydroelectric Conventional,935333.004,1996-01-01,2078499.0,34999414.0,0.0,5.922,45.167,-3.192,33.66,-1.86,0.614,0.087
49,1996,IA,Natural Gas,349467.0,1996-01-01,2078499.0,34999414.0,0.0,5.922,45.167,-3.192,33.66,-1.86,0.614,0.087
50,1996,IA,Nuclear,3923631.0,1996-01-01,2078499.0,34999414.0,0.0,5.922,45.167,-3.192,33.66,-1.86,0.614,0.087
51,1996,IA,Other Biomass,68760.0,1996-01-01,2078499.0,34999414.0,0.0,5.922,45.167,-3.192,33.66,-1.86,0.614,0.087
52,1996,IA,Petroleum,67404.996,1996-01-01,2078499.0,34999414.0,0.0,5.922,45.167,-3.192,33.66,-1.86,0.614,0.087
53,1996,IA,Total,34688615.004,1996-01-01,2078499.0,34999414.0,0.0,5.922,45.167,-3.192,33.66,-1.86,0.614,0.087
54,1996,IA,Wind,108.0,1996-01-01,2078499.0,34999414.0,0.0,5.922,45.167,-3.192,33.66,-1.86,0.614,0.087
55,1996,IA,Wood and Wood Derived Fuels,960.996,1996-01-01,2078499.0,34999414.0,0.0,5.922,45.167,-3.192,33.66,-1.86,0.614,0.087
56,1997,IA,Coal,29833224.996,1997-01-01,2156761.0,36147982.0,0.0,5.943,47.1,-1.258,29.21,-6.31,-0.045,-0.572
57,1997,IA,Hydroelectric Conventional,804944.004,1997-01-01,2156761.0,36147982.0,0.0,5.943,47.1,-1.258,29.21,-6.31,-0.045,-0.572
58,1997,IA,Natural Gas,437691.0,1997-01-01,2156761.0,36147982.0,0.0,5.943,47.1,-1.258,29.21,-6.31,-0.045,-0.572
59,1997,IA,Nuclear,4149111.0,1997-01-01,2156761.0,36147982.0,0.0,5.943,47.1,-1.258,29.21,-6.31,-0.045,-0.572
60,1997,IA,Other Biomass,102719.004,1997-01-01,2156761.0,36147982.0,0.0,5.943,47.1,-1.258,29.21,-6.31,-0.045,-0.572
61,1997,IA,Petroleum,90192.0,1997-01-01,2156761.0,36147982.0,0.0,5.943,47.1,-1.258,29.21,-6.31,-0.045,-0.572
62,1997,IA,Total,35418939.996,1997-01-01,2156761.0,36147982.0,0.0,5.943,47.1,-1.258,29.21,-6.31,-0.045,-0.572
63,1997,IA,Wind,117.996,1997-01-01,2156761.0,36147982.0,0.0,5.943,47.1,-1.258,29.21,-6.31,-0.045,-0.572
64,1997,IA,Wood and Wood Derived Fuels,939.996,1997-01-01,2156761.0,36147982.0,0.0,5.943,47.1,-1.258,29.21,-6.31,-0.045,-0.572
65,1998,IA,Coal,32999970.996,1998-01-01,2254582.0,37318294.0,0.0,6.012,50.917,2.558,39.57,4.05,0.977,0.451
66,1998,IA,Hydroelectric Conventional,912915.0,1998-01-01,2254582.0,37318294.0,0.0,6.012,50.917,2.558,39.57,4.05,0.977,0.451
67,1998,IA,Natural Gas,560892.0,1998-01-01,2254582.0,37318294.0,0.0,6.012,50.917,2.558,39.57,4.05,0.977,0.451
68,1998,IA,Nuclear,3767513.004,1998-01-01,2254582.0,37318294.0,0.0,6.012,50.917,2.558,39.57,4.05,0.977,0.451
69,1998,IA,Other Biomass,89877.0,1998-01-01,2254582.0,37318294.0,0.0,6.012,50.917,2.558,39.57,4.05,0.977,0.451
70,1998,IA,Petroleum,116543.004,1998-01-01,2254582.0,37318294.0,0.0,6.012,50.917,2.558,39.57,4.05,0.977,0.451
71,1998,IA,Total,38448789.0,1998-01-01,2254582.0,37318294.0,0.0,6.012,50.917,2.558,39.57,4.05,0.977,0.451
72,1998,IA,Wind,89.004,1998-01-01,2254582.0,37318294.0,0.0,6.012,50.917,2.558,39.57,4.05,0.977,0.451
73,1998,IA,Wood and Wood Derived Fuels,989.004,1998-01-01,2254582.0,37318294.0,0.0,6.012,50.917,2.558,39.57,4.05,0.977,0.451
74,1999,IA,Coal,33154236.0,1999-01-01,2254953.0,38033813.0,0.0,5.901,49.658,1.3,32.28,-3.24,0.098,-0.428
75,1999,IA,Hydroelectric Conventional,945621.996,1999-01-01,2254953.0,38033813.0,0.0,5.901,49.658,1.3,32.28,-3.24,0.098,-0.428
76,1999,IA,Natural Gas,507375.0,1999-01-01,2254953.0,38033813.0,0.0,5.901,49.658,1.3,32.28,-3.24,0.098,-0.428
77,1999,IA,Nuclear,3640257.996,1999-01-01,2254953.0,38033813.0,0.0,5.901,49.658,1.3,32.28,-3.24,0.098,-0.428
78,1999,IA,Other Biomass,90576.996,1999-01-01,2254953.0,38033813.0,0.0,5.901,49.658,1.3,32.28,-3.24,0.098,-0.428
79,1999,IA,Petroleum,136452.996,1999-01-01,2254953.0,38033813.0,0.0,5.901,49.658,1.3,32.28,-3.24,0.098,-0.428
80,1999,IA,Total,38801481.0,1999-01-01,2254953.0,38033813.0,0.0,5.901,49.658,1.3,32.28,-3.24,0.098,-0.428
81,1999,IA,Wind,326354.004,1999-01-01,2254953.0,38033813.0,0.0,5.901,49.658,1.3,32.28,-3.24,0.098,-0.428
82,1999,IA,Wood and Wood Derived Fuels,606.0,1999-01-01,2254953.0,38033813.0,0.0,5.901,49.658,1.3,32.28,-3.24,0.098,-0.428
83,2000,IA,Coal,35067093.0,2000-01-01,2318829.0,39087867.0,0.0,5.911,48.633,0.275,29.73,-5.79,-0.496,-1.022
84,2000,IA,Hydroelectric Conventional,904010.004,2000-01-01,2318829.0,39087867.0,0.0,5.911,48.633,0.275,29.73,-5.79,-0.496,-1.022
85,2000,IA,Natural Gas,433764.0,2000-01-01,2318829.0,39087867.0,0.0,5.911,48.633,0.275,29.73,-5.79,-0.496,-1.022
86,2000,IA,Nuclear,4452884.004,2000-01-01,2318829.0,39087867.0,0.0,5.911,48.633,0.275,29.73,-5.79,-0.496,-1.022
87,2000,IA,Other Biomass,88562.004,2000-01-01,2318829.0,39087867.0,0.0,5.911,48.633,0.275,29.73,-5.79,-0.496,-1.022
88,2000,IA,Petroleum,101877.0,2000-01-01,2318829.0,39087867.0,0.0,5.911,48.633,0.275,29.73,-5.79,-0.496,-1.022
89,2000,IA,Total,41542010.004,2000-01-01,2318829.0,39087867.0,0.0,5.911,48.633,0.275,29.73,-5.79,-0.496,-1.022
90,2000,IA,Wind,493820.004,2000-01-01,2318829.0,39087867.0,0.0,5.911,48.633,0.275,29.73,-5.79,-0.496,-1.022
91,2001,IA,Coal,34665096.0,2001-01-01,2422422.0,39443755.0,0.0,6.115,49.058,0.7,34.59,-0.93,0.296,-0.231
92,2001,IA,Hydroelectric Conventional,845154.0,2001-01-01,2422422.0,39443755.0,0.0,6.115,49.058,0.7,34.59,-0.93,0.296,-0.231
93,2001,IA,Natural Gas,592853.0,2001-01-01,2422422.0,39443755.0,0.0,6.115,49.058,0.7,34.59,-0.93,0.296,-0.231
94,2001,IA,Nuclear,3852722.0,2001-01-01,2422422.0,39443755.0,0.0,6.115,49.058,0.7,34.59,-0.93,0.296,-0.231
95,2001,IA,Other,8449.0,2001-01-01,2422422.0,39443755.0,0.0,6.115,49.058,0.7,34.59,-0.93,0.296,-0.231
96,2001,IA,Other Biomass,103749.0,2001-01-01,2422422.0,39443755.0,0.0,6.115,49.058,0.7,34.59,-0.93,0.296,-0.231
97,2001,IA,Petroleum,102627.0,2001-01-01,2422422.0,39443755.0,0.0,6.115,49.058,0.7,34.59,-0.93,0.296,-0.231
98,2001,IA,Total,40658512.0,2001-01-01,2422422.0,39443755.0,0.0,6.115,49.058,0.7,34.59,-0.93,0.296,-0.231
99,2001,IA,Wind,487863.0,2001-01-01,2422422.0,39443755.0,0.0,6.115,49.058,0.7,34.59,-0.93,0.296,-0.231
100,2002,IA,Coal,35372059.0,2002-01-01,2458327.0,40897542.0,0.0,5.976,49.167,0.808,29.48,-6.04,-0.193,-0.72
101,2002,IA,Hydroelectric Conventional,946382.0,2002-01-01,2458327.0,40897542.0,0.0,5.976,49.167,0.808,29.48,-6.04,-0.193,-0.72
102,2002,IA,Natural Gas,554720.0,2002-01-01,2458327.0,40897542.0,0.0,5.976,49.167,0.808,29.48,-6.04,-0.193,-0.72
103,2002,IA,Nuclear,4573958.0,2002-01-01,2458327.0,40897542.0,0.0,5.976,49.167,0.808,29.48,-6.04,-0.193,-0.72
104,2002,IA,Other,234.0,2002-01-01,2458327.0,40897542.0,0.0,5.976,49.167,0.808,29.48,-6.04,-0.193,-0.72
105,2002,IA,Other Biomass,98242.0,2002-01-01,2458327.0,40897542.0,0.0,5.976,49.167,0.808,29.48,-6.04,-0.193,-0.72
106,2002,IA,Petroleum,63865.0,2002-01-01,2458327.0,40897542.0,0.0,5.976,49.167,0.808,29.48,-6.04,-0.193,-0.72
107,2002,IA,Total,42528386.0,2002-01-01,2458327.0,40897542.0,0.0,5.976,49.167,0.808,29.48,-6.04,-0.193,-0.72
108,2002,IA,Wind,918834.0,2002-01-01,2458327.0,40897542.0,0.0,5.976,49.167,0.808,29.48,-6.04,-0.193,-0.72
109,2002,IA,Wood and Wood Derived Fuels,92.0,2002-01-01,2458327.0,40897542.0,0.0,5.976,49.167,0.808,29.48,-6.04,-0.193,-0.72
110,2003,IA,Coal,35819943.0,2003-01-01,2519302.0,41207284.0,0.0,6.089,47.917,-0.442,28.69,-6.83,-0.388,-0.915
111,2003,IA,Hydroelectric Conventional,788593.0,2003-01-01,2519302.0,41207284.0,0.0,6.089,47.917,-0.442,28.69,-6.83,-0.388,-0.915
112,2003,IA,Natural Gas,312896.0,2003-01-01,2519302.0,41207284.0,0.0,6.089,47.917,-0.442,28.69,-6.83,-0.388,-0.915
113,2003,IA,Nuclear,3987657.0,2003-01-01,2519302.0,41207284.0,0.0,6.089,47.917,-0.442,28.69,-6.83,-0.388,-0.915
114,2003,IA,Other,9625.0,2003-01-01,2519302.0,41207284.0,0.0,6.089,47.917,-0.442,28.69,-6.83,-0.388,-0.915
115,2003,IA,Other Biomass,114171.0,2003-01-01,2519302.0,41207284.0,0.0,6.089,47.917,-0.442,28.69,-6.83,-0.388,-0.915
116,2003,IA,Petroleum,101336.0,2003-01-01,2519302.0,41207284.0,0.0,6.089,47.917,-0.442,28.69,-6.83,-0.388,-0.915
117,2003,IA,Total,42116195.0,2003-01-01,2519302.0,41207284.0,0.0,6.089,47.917,-0.442,28.69,-6.83,-0.388,-0.915
118,2003,IA,Wind,981971.0,2003-01-01,2519302.0,41207284.0,0.0,6.089,47.917,-0.442,28.69,-6.83,-0.388,-0.915
119,2004,IA,Coal,35272195.0,2004-01-01,2618503.0,40902773.0,0.0,6.383,48.517,0.158,35.41,-0.11,0.642,0.115
120,2004,IA,Hydroelectric Conventional,945958.0,2004-01-01,2618503.0,40902773.0,0.0,6.383,48.517,0.158,35.41,-0.11,0.642,0.115
121,2004,IA,Natural Gas,824707.0,2004-01-01,2618503.0,40902773.0,0.0,6.383,48.517,0.158,35.41,-0.11,0.642,0.115
122,2004,IA,Nuclear,4928948.0,2004-01-01,2618503.0,40902773.0,0.0,6.383,48.517,0.158,35.41,-0.11,0.642,0.115
123,2004,IA,Other,11882.0,2004-01-01,2618503.0,40902773.0,0.0,6.383,48.517,0.158,35.41,-0.11,0.642,0.115
124,2004,IA,Other Biomass,105926.0,2004-01-01,2618503.0,40902773.0,0.0,6.383,48.517,0.158,35.41,-0.11,0.642,0.115
125,2004,IA,Petroleum,108620.0,2004-01-01,2618503.0,40902773.0,0.0,6.383,48.517,0.158,35.41,-0.11,0.642,0.115
126,2004,IA,Total,43248191.0,2004-01-01,2618503.0,40902773.0,0.0,6.383,48.517,0.158,35.41,-0.11,0.642,0.115
127,2004,IA,Wind,1049950.0,2004-01-01,2618503.0,40902773.0,0.0,6.383,48.517,0.158,35.41,-0.11,0.642,0.115
128,2005,IA,Coal,34252334.0,2005-01-01,2859393.0,42756808.0,0.0,6.651,49.617,1.258,29.84,-5.68,-0.361,-0.887
129,2005,IA,Hydroelectric Conventional,959526.0,2005-01-01,2859393.0,42756808.0,0.0,6.651,49.617,1.258,29.84,-5.68,-0.361,-0.887
130,2005,IA,Natural Gas,2480868.0,2005-01-01,2859393.0,42756808.0,0.0,6.651,49.617,1.258,29.84,-5.68,-0.361,-0.887
131,2005,IA,Nuclear,4538313.0,2005-01-01,2859393.0,42756808.0,0.0,6.651,49.617,1.258,29.84,-5.68,-0.361,-0.887
132,2005,IA,Other,11573.0,2005-01-01,2859393.0,42756808.0,0.0,6.651,49.617,1.258,29.84,-5.68,-0.361,-0.887
133,2005,IA,Other Biomass,116842.0,2005-01-01,2859393.0,42756808.0,0.0,6.651,49.617,1.258,29.84,-5.68,-0.361,-0.887
134,2005,IA,Petroleum,149567.0,2005-01-01,2859393.0,42756808.0,0.0,6.651,49.617,1.258,29.84,-5.68,-0.361,-0.887
135,2005,IA,Total,44156160.0,2005-01-01,2859393.0,42756808.0,0.0,6.651,49.617,1.258,29.84,-5.68,-0.361,-0.887
136,2005,IA,Wind,1647136.0,2005-01-01,2859393.0,42756808.0,0.0,6.651,49.617,1.258,29.84,-5.68,-0.361,-0.887
137,2006,IA,Coal,34405195.0,2006-01-01,3037808.0,43336835.0,0.0,6.973,50.392,2.033,32.4,-3.12,-0.163,-0.689
138,2006,IA,Hydroelectric Conventional,909348.0,2006-01-01,3037808.0,43336835.0,0.0,6.973,50.392,2.033,32.4,-3.12,-0.163,-0.689
139,2006,IA,Natural Gas,2400015.0,2006-01-01,3037808.0,43336835.0,0.0,6.973,50.392,2.033,32.4,-3.12,-0.163,-0.689
140,2006,IA,Nuclear,5095442.0,2006-01-01,3037808.0,43336835.0,0.0,6.973,50.392,2.033,32.4,-3.12,-0.163,-0.689
141,2006,IA,Other,10426.0,2006-01-01,3037808.0,43336835.0,0.0,6.973,50.392,2.033,32.4,-3.12,-0.163,-0.689
142,2006,IA,Other Biomass,136896.0,2006-01-01,3037808.0,43336835.0,0.0,6.973,50.392,2.033,32.4,-3.12,-0.163,-0.689
143,2006,IA,Petroleum,208320.0,2006-01-01,3037808.0,43336835.0,0.0,6.973,50.392,2.033,32.4,-3.12,-0.163,-0.689
144,2006,IA,Total,45483463.0,2006-01-01,3037808.0,43336835.0,0.0,6.973,50.392,2.033,32.4,-3.12,-0.163,-0.689
145,2006,IA,Wind,2317823.0,2006-01-01,3037808.0,43336835.0,0.0,6.973,50.392,2.033,32.4,-3.12,-0.163,-0.689
146,2007,IA,Coal,37985566.0,2007-01-01,3092922.0,45269523.0,1111907.917,6.797,48.892,0.533,42.41,6.89,1.397,0.87
147,2007,IA,Hydroelectric Conventional,962346.0,2007-01-01,3092922.0,45269523.0,1111907.917,6.797,48.892,0.533,42.41,6.89,1.397,0.87
148,2007,IA,Natural Gas,3090879.0,2007-01-01,3092922.0,45269523.0,1111907.917,6.797,48.892,0.533,42.41,6.89,1.397,0.87
149,2007,IA,Nuclear,4518875.0,2007-01-01,3092922.0,45269523.0,1111907.917,6.797,48.892,0.533,42.41,6.89,1.397,0.87
150,2007,IA,Other,11862.0,2007-01-01,3092922.0,45269523.0,1111907.917,6.797,48.892,0.533,42.41,6.89,1.397,0.87
151,2007,IA,Other Biomass,151083.0,2007-01-01,3092922.0,45269523.0,1111907.917,6.797,48.892,0.533,42.41,6.89,1.397,0.87
152,2007,IA,Petroleum,311913.0,2007-01-01,3092922.0,45269523.0,1111907.917,6.797,48.892,0.533,42.41,6.89,1.397,0.87
153,2007,IA,Total,49789218.0,2007-01-01,3092922.0,45269523.0,1111907.917,6.797,48.892,0.533,42.41,6.89,1.397,0.87
154,2007,IA,Wind,2756676.0,2007-01-01,3092922.0,45269523.0,1111907.917,6.797,48.892,0.533,42.41,6.89,1.397,0.87
155,2007,IA,Wood and Wood Derived Fuels,16.0,2007-01-01,3092922.0,45269523.0,1111907.917,6.797,48.892,0.533,42.41,6.89,1.397,0.87
156,2008,IA,Coal,40410106.0,2008-01-01,3135264.0,45488071.0,1543421.833,6.878,45.917,-2.442,42.92,7.4,1.763,1.236
157,2008,IA,Hydroelectric Conventional,819048.0,2008-01-01,3135264.0,45488071.0,1543421.833,6.878,45.917,-2.442,42.92,7.4,1.763,1.236
158,2008,IA,Natural Gas,2163192.0,2008-01-01,3135264.0,45488071.0,1543421.833,6.878,45.917,-2.442,42.92,7.4,1.763,1.236
159,2008,IA,Nuclear,5282202.0,2008-01-01,3135264.0,45488071.0,1543421.833,6.878,45.917,-2.442,42.92,7.4,1.763,1.236
160,2008,IA,Other,13.0,2008-01-01,3135264.0,45488071.0,1543421.833,6.878,45.917,-2.442,42.92,7.4,1.763,1.236
161,2008,IA,Other Biomass,167264.0,2008-01-01,3135264.0,45488071.0,1543421.833,6.878,45.917,-2.442,42.92,7.4,1.763,1.236
162,2008,IA,Petroleum,161127.0,2008-01-01,3135264.0,45488071.0,1543421.833,6.878,45.917,-2.442,42.92,7.4,1.763,1.236
163,2008,IA,Total,53086785.0,2008-01-01,3135264.0,45488071.0,1543421.833,6.878,45.917,-2.442,42.92,7.4,1.763,1.236
164,2008,IA,Wind,4083787.0,2008-01-01,3135264.0,45488071.0,1543421.833,6.878,45.917,-2.442,42.92,7.4,1.763,1.236
165,2008,IA,Wood and Wood Derived Fuels,48.0,2008-01-01,3135264.0,45488071.0,1543421.833,6.878,45.917,-2.442,42.92,7.4,1.763,1.236
166,2009,IA,Coal,37351437.0,2009-01-01,3215331.0,43641196.0,1546777.167,7.363,46.7,-1.658,39.15,3.63,1.452,0.925
167,2009,IA,Hydroelectric Conventional,971165.0,2009-01-01,3215331.0,43641196.0,1546777.167,7.363,46.7,-1.658,39.15,3.63,1.452,0.925
168,2009,IA,Natural Gas,1184218.0,2009-01-01,3215331.0,43641196.0,1546777.167,7.363,46.7,-1.658,39.15,3.63,1.452,0.925
169,2009,IA,Nuclear,4678931.0,2009-01-01,3215331.0,43641196.0,1546777.167,7.363,46.7,-1.658,39.15,3.63,1.452,0.925
170,2009,IA,Other,463.0,2009-01-01,3215331.0,43641196.0,1546777.167,7.363,46.7,-1.658,39.15,3.63,1.452,0.925
171,2009,IA,Other Biomass,167888.0,2009-01-01,3215331.0,43641196.0,1546777.167,7.363,46.7,-1.658,39.15,3.63,1.452,0.925
172,2009,IA,Petroleum,85251.0,2009-01-01,3215331.0,43641196.0,1546777.167,7.363,46.7,-1.658,39.15,3.63,1.452,0.925
173,2009,IA,Total,51860062.0,2009-01-01,3215331.0,43641196.0,1546777.167,7.363,46.7,-1.658,39.15,3.63,1.452,0.925
174,2009,IA,Wind,7420518.0,2009-01-01,3215331.0,43641196.0,1546777.167,7.363,46.7,-1.658,39.15,3.63,1.452,0.925
175,2009,IA,Wood and Wood Derived Fuels,194.0,2009-01-01,3215331.0,43641196.0,1546777.167,7.363,46.7,-1.658,39.15,3.63,1.452,0.925
176,2010,IA,Coal,41282938.0,2010-01-01,3479731.0,45445269.0,1552150.167,7.626,48.192,-0.167,44.05,8.53,1.527,1.0
177,2010,IA,Hydroelectric Conventional,948167.0,2010-01-01,3479731.0,45445269.0,1552150.167,7.626,48.192,-0.167,44.05,8.53,1.527,1.0
178,2010,IA,Natural Gas,1312194.0,2010-01-01,3479731.0,45445269.0,1552150.167,7.626,48.192,-0.167,44.05,8.53,1.527,1.0
179,2010,IA,Nuclear,4450640.0,2010-01-01,3479731.0,45445269.0,1552150.167,7.626,48.192,-0.167,44.05,8.53,1.527,1.0
180,2010,IA,Other Biomass,190146.0,2010-01-01,3479731.0,45445269.0,1552150.167,7.626,48.192,-0.167,44.05,8.53,1.527,1.0
181,2010,IA,Petroleum,154297.0,2010-01-01,3479731.0,45445269.0,1552150.167,7.626,48.192,-0.167,44.05,8.53,1.527,1.0
182,2010,IA,Total,57508721.0,2010-01-01,3479731.0,45445269.0,1552150.167,7.626,48.192,-0.167,44.05,8.53,1.527,1.0
183,2010,IA,Wind,9170337.0,2010-01-01,3479731.0,45445269.0,1552150.167,7.626,48.192,-0.167,44.05,8.53,1.527,1.0
184,2011,IA,Coal,38229359.97,2011-01-01,3451294.0,45654876.0,1556498.167,7.537,48.408,0.05,31.83,-3.69,-0.029,-0.556
185,2011,IA,Hydroelectric Conventional,925352.0,2011-01-01,3451294.0,45654876.0,1556498.167,7.537,48.408,0.05,31.83,-3.69,-0.029,-0.556
186,2011,IA,Natural Gas,991182.62,2011-01-01,3451294.0,45654876.0,1556498.167,7.537,48.408,0.05,31.83,-3.69,-0.029,-0.556
187,2011,IA,Nuclear,5215229.0,2011-01-01,3451294.0,45654876.0,1556498.167,7.537,48.408,0.05,31.83,-3.69,-0.029,-0.556
188,2011,IA,Other Biomass,160591.71,2011-01-01,3451294.0,45654876.0,1556498.167,7.537,48.408,0.05,31.83,-3.69,-0.029,-0.556
189,2011,IA,Petroleum,141020.44,2011-01-01,3451294.0,45654876.0,1556498.167,7.537,48.408,0.05,31.83,-3.69,-0.029,-0.556
190,2011,IA,Total,56371912.64,2011-01-01,3451294.0,45654876.0,1556498.167,7.537,48.408,0.05,31.83,-3.69,-0.029,-0.556
191,2011,IA,Wind,10709176.92,2011-01-01,3451294.0,45654876.0,1556498.167,7.537,48.408,0.05,31.83,-3.69,-0.029,-0.556
192,2012,IA,Coal,35331351.13,2012-01-01,3524263.0,45709099.0,1562980.167,7.671,52.075,3.717,25.61,-9.91,-1.517,-2.044
193,2012,IA,Hydroelectric Conventional,766191.0,2012-01-01,3524263.0,45709099.0,1562980.167,7.671,52.075,3.717,25.61,-9.91,-1.517,-2.044
194,2012,IA,Natural Gas,1940885.62,2012-01-01,3524263.0,45709099.0,1562980.167,7.671,52.075,3.717,25.61,-9.91,-1.517,-2.044
195,2012,IA,Nuclear,4346995.0,2012-01-01,3524263.0,45709099.0,1562980.167,7.671,52.075,3.717,25.61,-9.91,-1.517,-2.044
196,2012,IA,Other Biomass,150933.51,2012-01-01,3524263.0,45709099.0,1562980.167,7.671,52.075,3.717,25.61,-9.91,-1.517,-2.044
197,2012,IA,Petroleum,106557.06,2012-01-01,3524263.0,45709099.0,1562980.167,7.671,52.075,3.717,25.61,-9.91,-1.517,-2.044
198,2012,IA,Total,56675403.92,2012-01-01,3524263.0,45709099.0,1562980.167,7.671,52.075,3.717,25.61,-9.91,-1.517,-2.044
199,2012,IA,Wind,14032490.64,2012-01-01,3524263.0,45709099.0,1562980.167,7.671,52.075,3.717,25.61,-9.91,-1.517,-2.044
200,2013,IA,Coal,33302345.12,2013-01-01,3768969.52,46705216.0,1572245.167,8.053,46.658,-1.7,34.44,-1.08,-0.003,-0.53
201,2013,IA,Hydroelectric Conventional,749121.99,2013-01-01,3768969.52,46705216.0,1572245.167,8.053,46.658,-1.7,34.44,-1.08,-0.003,-0.53
202,2013,IA,Natural Gas,1430011.7,2013-01-01,3768969.52,46705216.0,1572245.167,8.053,46.658,-1.7,34.44,-1.08,-0.003,-0.53
203,2013,IA,Nuclear,5320785.0,2013-01-01,3768969.52,46705216.0,1572245.167,8.053,46.658,-1.7,34.44,-1.08,-0.003,-0.53
204,2013,IA,Other,0.0,2013-01-01,3768969.52,46705216.0,1572245.167,8.053,46.658,-1.7,34.44,-1.08,-0.003,-0.53
205,2013,IA,Other Biomass,158630.46,2013-01-01,3768969.52,46705216.0,1572245.167,8.053,46.658,-1.7,34.44,-1.08,-0.003,-0.53
206,2013,IA,Petroleum,141456.24,2013-01-01,3768969.52,46705216.0,1572245.167,8.053,46.658,-1.7,34.44,-1.08,-0.003,-0.53
207,2013,IA,Total,56670756.94,2013-01-01,3768969.52,46705216.0,1572245.167,8.053,46.658,-1.7,34.44,-1.08,-0.003,-0.53
208,2013,IA,Wind,15568406.42,2013-01-01,3768969.52,46705216.0,1572245.167,8.053,46.658,-1.7,34.44,-1.08,-0.003,-0.53
209,2013,IA,Wood and Wood Derived Fuels,0.0,2013-01-01,3768969.52,46705216.0,1572245.167,8.053,46.658,-1.7,34.44,-1.08,-0.003,-0.53
210,2014,IA,Coal,34208941.96,2014-01-01,3847259.39,47201853.1,1580196.583,8.142,45.458,-2.9,38.69,3.17,1.027,0.501
211,2014,IA,Hydroelectric Conventional,718583.02,2014-01-01,3847259.39,47201853.1,1580196.583,8.142,45.458,-2.9,38.69,3.17,1.027,0.501
212,2014,IA,Natural Gas,1475528.85,2014-01-01,3847259.39,47201853.1,1580196.583,8.142,45.458,-2.9,38.69,3.17,1.027,0.501
213,2014,IA,Nuclear,4152468.0,2014-01-01,3847259.39,47201853.1,1580196.583,8.142,45.458,-2.9,38.69,3.17,1.027,0.501
214,2014,IA,Other,0.0,2014-01-01,3847259.39,47201853.1,1580196.583,8.142,45.458,-2.9,38.69,3.17,1.027,0.501
215,2014,IA,Other Biomass,158400.85,2014-01-01,3847259.39,47201853.1,1580196.583,8.142,45.458,-2.9,38.69,3.17,1.027,0.501
216,2014,IA,Petroleum,113818.52,2014-01-01,3847259.39,47201853.1,1580196.583,8.142,45.458,-2.9,38.69,3.17,1.027,0.501
217,2014,IA,Total,57122984.56,2014-01-01,3847259.39,47201853.1,1580196.583,8.142,45.458,-2.9,38.69,3.17,1.027,0.501
218,2014,IA,Wind,16295243.41,2014-01-01,3847259.39,47201853.1,1580196.583,8.142,45.458,-2.9,38.69,3.17,1.027,0.501
219,2014,IA,Wood and Wood Derived Fuels,0.0,2014-01-01,3847259.39,47201853.1,1580196.583,8.142,45.458,-2.9,38.69,3.17,1.027,0.501
220,2015,IA,Coal,29811074.0,2015-01-01,3935801.64,47147292.9,1591781.0,8.313,49.267,0.908,42.53,7.01,1.618,1.092
221,2015,IA,Hydroelectric Conventional,960145.0,2015-01-01,3935801.64,47147292.9,1591781.0,8.313,49.267,0.908,42.53,7.01,1.618,1.092
222,2015,IA,Natural Gas,2398134.0,2015-01-01,3935801.64,47147292.9,1591781.0,8.313,49.267,0.908,42.53,7.01,1.618,1.092
223,2015,IA,Nuclear,5243446.0,2015-01-01,3935801.64,47147292.9,1591781.0,8.313,49.267,0.908,42.53,7.01,1.618,1.092
224,2015,IA,Other,5052.0,2015-01-01,3935801.64,47147292.9,1591781.0,8.313,49.267,0.908,42.53,7.01,1.618,1.092
225,2015,IA,Other Biomass,256146.0,2015-01-01,3935801.64,47147292.9,1591781.0,8.313,49.267,0.908,42.53,7.01,1.618,1.092
226,2015,IA,Petroleum,110291.0,2015-01-01,3935801.64,47147292.9,1591781.0,8.313,49.267,0.908,42.53,7.01,1.618,1.092
227,2015,IA,Total,56658919.0,2015-01-01,3935801.64,47147292.9,1591781.0,8.313,49.267,0.908,42.53,7.01,1.618,1.092
228,2015,IA,Wind,17872633.0,2015-01-01,3935801.64,47147292.9,1591781.0,8.313,49.267,0.908,42.53,7.01,1.618,1.092
229,2015,IA,Wood and Wood Derived Fuels,1997.0,2015-01-01,3935801.64,47147292.9,1591781.0,8.313,49.267,0.908,42.53,7.01,1.618,1.092
230,2016,IA,Coal,25198348.0,2016-01-01,4142679.68,48431193.0,1602446.0,8.501,50.717,2.358,38.1,2.58,0.802,0.275
231,2016,IA,Hydroelectric Conventional,916791.0,2016-01-01,4142679.68,48431193.0,1602446.0,8.501,50.717,2.358,38.1,2.58,0.802,0.275
232,2016,IA,Natural Gas,2960948.0,2016-01-01,4142679.68,48431193.0,1602446.0,8.501,50.717,2.358,38.1,2.58,0.802,0.275
233,2016,IA,Nuclear,4702665.0,2016-01-01,4142679.68,48431193.0,1602446.0,8.501,50.717,2.358,38.1,2.58,0.802,0.275
234,2016,IA,Other,12122.0,2016-01-01,4142679.68,48431193.0,1602446.0,8.501,50.717,2.358,38.1,2.58,0.802,0.275
235,2016,IA,Other Biomass,250669.0,2016-01-01,4142679.68,48431193.0,1602446.0,8.501,50.717,2.358,38.1,2.58,0.802,0.275
236,2016,IA,Petroleum,277772.0,2016-01-01,4142679.68,48431193.0,1602446.0,8.501,50.717,2.358,38.1,2.58,0.802,0.275
237,2016,IA,Solar Thermal and Photovoltaic,151.0,2016-01-01,4142679.68,48431193.0,1602446.0,8.501,50.717,2.358,38.1,2.58,0.802,0.275
238,2016,IA,Total,54392506.0,2016-01-01,4142679.68,48431193.0,1602446.0,8.501,50.717,2.358,38.1,2.58,0.802,0.275
239,2016,IA,Wind,20071998.0,2016-01-01,4142679.68,48431193.0,1602446.0,8.501,50.717,2.358,38.1,2.58,0.802,0.275
240,2016,IA,Wood and Wood Derived Fuels,1045.0,2016-01-01,4142679.68,48431193.0,1602446.0,8.501,50.717,2.358,38.1,2.58,0.802,0.275
241,2017,IA,Coal,25358229.0,2017-01-01,4272972.45,48921997.0,1621279.0,8.688,50.0,1.642,32.36,-3.16,0.077,-0.45
242,2017,IA,Hydroelectric Conventional,1033939.0,2017-01-01,4272972.45,48921997.0,1621279.0,8.688,50.0,1.642,32.36,-3.16,0.077,-0.45
243,2017,IA,Natural Gas,4567449.0,2017-01-01,4272972.45,48921997.0,1621279.0,8.688,50.0,1.642,32.36,-3.16,0.077,-0.45
244,2017,IA,Nuclear,5213509.0,2017-01-01,4272972.45,48921997.0,1621279.0,8.688,50.0,1.642,32.36,-3.16,0.077,-0.45
245,2017,IA,Other,2383.0,2017-01-01,4272972.45,48921997.0,1621279.0,8.688,50.0,1.642,32.36,-3.16,0.077,-0.45
246,2017,IA,Other Biomass,207858.0,2017-01-01,4272972.45,48921997.0,1621279.0,8.688,50.0,1.642,32.36,-3.16,0.077,-0.45
247,2017,IA,Petroleum,146720.0,2017-01-01,4272972.45,48921997.0,1621279.0,8.688,50.0,1.642,32.36,-3.16,0.077,-0.45
248,2017,IA,Solar Thermal and Photovoltaic,4839.0,2017-01-01,4272972.45,48921997.0,1621279.0,8.688,50.0,1.642,32.36,-3.16,0.077,-0.45
249,2017,IA,Total,57909567.0,2017-01-01,4272972.45,48921997.0,1621279.0,8.688,50.0,1.642,32.36,-3.16,0.077,-0.45
250,2017,IA,Wind,21372754.0,2017-01-01,4272972.45,48921997.0,1621279.0,8.688,50.0,1.642,32.36,-3.16,0.077,-0.45
251,2017,IA,Wood and Wood Derived Fuels,1890.0,2017-01-01,4272972.45,48921997.0,1621279.0,8.688,50.0,1.642,32.36,-3.16,0.077,-0.45
252,2018,IA,Coal,28552999.0,2018-01-01,4566090.76,51213959.9,1633354.417,8.876,47.492,-0.867,45.08,9.56,1.811,1.284
253,2018,IA,Hydroelectric Conventional,924861.0,2018-01-01,4566090.76,51213959.9,1633354.417,8.876,47.492,-0.867,45.08,9.56,1.811,1.284
254,2018,IA,Natural Gas,7340069.0,2018-01-01,4566090.76,51213959.9,1633354.417,8.876,47.492,-0.867,45.08,9.56,1.811,1.284
255,2018,IA,Nuclear,4895399.0,2018-01-01,4566090.76,51213959.9,1633354.417,8.876,47.492,-0.867,45.08,9.56,1.811,1.284
256,2018,IA,Other,0.0,2018-01-01,4566090.76,51213959.9,1633354.417,8.876,47.492,-0.867,45.08,9.56,1.811,1.284
257,2018,IA,Other Biomass,209177.0,2018-01-01,4566090.76,51213959.9,1633354.417,8.876,47.492,-0.867,45.08,9.56,1.811,1.284
258,2018,IA,Petroleum,110567.0,2018-01-01,4566090.76,51213959.9,1633354.417,8.876,47.492,-0.867,45.08,9.56,1.811,1.284
259,2018,IA,Solar Thermal and Photovoltaic,11454.0,2018-01-01,4566090.76,51213959.9,1633354.417,8.876,47.492,-0.867,45.08,9.56,1.811,1.284
260,2018,IA,Total,63380570.0,2018-01-01,4566090.76,51213959.9,1633354.417,8.876,47.492,-0.867,45.08,9.56,1.811,1.284
261,2018,IA,Wind,21334057.0,2018-01-01,4566090.76,51213959.9,1633354.417,8.876,47.492,-0.867,45.08,9.56,1.811,1.284
262,2018,IA,Wood and Wood Derived Fuels,1985.0,2018-01-01,4566090.76,51213959.9,1633354.417,8.876,47.492,-0.867,45.08,9.56,1.811,1.284
263,2019,IA,Coal,22159203.0,2019-01-01,4635849.19,51043148.2,1643274.0,9.054,46.817,-1.542,41.63,6.11,1.497,0.971
264,2019,IA,Hydroelectric Conventional,796268.0,2019-01-01,4635849.19,51043148.2,1643274.0,9.054,46.817,-1.542,41.63,6.11,1.497,0.971
265,2019,IA,Natural Gas,7684252.0,2019-01-01,4635849.19,51043148.2,1643274.0,9.054,46.817,-1.542,41.63,6.11,1.497,0.971
266,2019,IA,Nuclear,5235716.0,2019-01-01,4635849.19,51043148.2,1643274.0,9.054,46.817,-1.542,41.63,6.11,1.497,0.971
267,2019,IA,Other,-94.0,2019-01-01,4635849.19,51043148.2,1643274.0,9.054,46.817,-1.542,41.63,6.11,1.497,0.971
268,2019,IA,Other Biomass,203121.0,2019-01-01,4635849.19,51043148.2,1643274.0,9.054,46.817,-1.542,41.63,6.11,1.497,0.971
269,2019,IA,Petroleum,238192.0,2019-01-01,4635849.19,51043148.2,1643274.0,9.054,46.817,-1.542,41.63,6.11,1.497,0.971
270,2019,IA,Solar Thermal and Photovoltaic,15438.0,2019-01-01,4635849.19,51043148.2,1643274.0,9.054,46.817,-1.542,41.63,6.11,1.497,0.971
271,2019,IA,Total,61673543.0,2019-01-01,4635849.19,51043148.2,1643274.0,9.054,46.817,-1.542,41.63,6.11,1.497,0.971
272,2019,IA,Wind,25328972.0,2019-01-01,4635849.19,51043148.2,1643274.0,9.054,46.817,-1.542,41.63,6.11,1.497,0.971
273,2019,IA,Wood and Wood Derived Fuels,12479.0,2019-01-01,4635849.19,51043148.2,1643274.0,9.054,46.817,-1.542,41.63,6.11,1.497,0.971
274,2020,IA,Coal,14146834.0,2020-01-01,4543133.42,50639862.2,1656648.583,8.935,49.15,0.792,29.28,-6.24,-0.322,-0.849
275,2020,IA,Hydroelectric Conventional,1025217.0,2020-01-01,4543133.42,50639862.2,1656648.583,8.935,49.15,0.792,29.28,-6.24,-0.322,-0.849
276,2020,IA,Natural Gas,7036825.0,2020-01-01,4543133.42,50639862.2,1656648.583,8.935,49.15,0.792,29.28,-6.24,-0.322,-0.849
277,2020,IA,Nuclear,2904863.0,2020-01-01,4543133.42,50639862.2,1656648.583,8.935,49.15,0.792,29.28,-6.24,-0.322,-0.849
278,2020,IA,Other,-59.0,2020-01-01,4543133.42,50639862.2,1656648.583,8.935,49.15,0.792,29.28,-6.24,-0.322,-0.849
279,2020,IA,Other Biomass,199397.0,2020-01-01,4543133.42,50639862.2,1656648.583,8.935,49.15,0.792,29.28,-6.24,-0.322,-0.849
280,2020,IA,Petroleum,111112.0,2020-01-01,4543133.42,50639862.2,1656648.583,8.935,49.15,0.792,29.28,-6.24,-0.322,-0.849
281,2020,IA,Solar Thermal and Photovoltaic,22083.0,2020-01-01,4543133.42,50639862.2,1656648.583,8.935,49.15,0.792,29.28,-6.24,-0.322,-0.849
282,2020,IA,Total,59636672.0,2020-01-01,4543133.42,50639862.2,1656648.583,8.935,49.15,0.792,29.28,-6.24,-0.322,-0.849
283,2020,IA,Wind,34182302.0,2020-01-01,4543133.42,50639862.2,1656648.583,8.935,49.15,0.792,29.28,-6.24,-0.322,-0.849
284,2020,IA,Wood and Wood Derived Fuels,8104.0,2020-01-01,4543133.42,50639862.2,1656648.583,8.935,49.15,0.792,29.28,-6.24,-0.322,-0.849
285,2021,IA,Coal,22121016.0,2021-01-01,4852910.48,52907745.7,1675119.917,9.117,50.008,1.65,31.12,-4.4,-0.244,-0.771
286,2021,IA,Hydroelectric Conventional,955378.0,2021-01-01,4852910.48,52907745.7,1675119.917,9.117,50.008,1.65,31.12,-4.4,-0.244,-0.771
287,2021,IA,Natural Gas,5949252.0,2021-01-01,4852910.48,52907745.7,1675119.917,9.117,50.008,1.65,31.12,-4.4,-0.244,-0.771
288,2021,IA,Other,-13.0,2021-01-01,4852910.48,52907745.7,1675119.917,9.117,50.008,1.65,31.12,-4.4,-0.244,-0.771
289,2021,IA,Other Biomass,199602.0,2021-01-01,4852910.48,52907745.7,1675119.917,9.117,50.008,1.65,31.12,-4.4,-0.244,-0.771
290,2021,IA,Petroleum,90721.0,2021-01-01,4852910.48,52907745.7,1675119.917,9.117,50.008,1.65,31.12,-4.4,-0.244,-0.771
291,2021,IA,Solar Thermal and Photovoltaic,226809.0,2021-01-01,4852910.48,52907745.7,1675119.917,9.117,50.008,1.65,31.12,-4.4,-0.244,-0.771
292,2021,IA,Total,66120267.0,2021-01-01,4852910.48,52907745.7,1675119.917,9.117,50.008,1.65,31.12,-4.4,-0.244,-0.771
293,2021,IA,Wind,36577501.0,2021-01-01,4852910.48,52907745.7,1675119.917,9.117,50.008,1.65,31.12,-4.4,-0.244,-0.771
294,2021,IA,Wood and Wood Derived Fuels,0.0,2021-01-01,4852910.48,52907745.7,1675119.917,9.117,50.008,1.65,31.12,-4.4,-0.244,-0.771
