,Year,STATE,ENERGY SOURCE,GENERATION (MWh),Date,TOTAL_rev,TOTAL_sales,TOTAL_cust,TOTAL_price,Temperature,Delta from Mean Temp,Percipitation (in),Delta from Mean Pcp,Z-index Drought,Delta from Mean Z
0,1990,NY,Coal,25913046.996,1990-01-01,12119202.0,129324439.0,0.0,9.363,47.275,1.2,50.02,6.21,1.24,0.85
1,1990,NY,Hydroelectric Conventional,28188222.0,1990-01-01,12119202.0,129324439.0,0.0,9.363,47.275,1.2,50.02,6.21,1.24,0.85
2,1990,NY,Natural Gas,22724334.996,1990-01-01,12119202.0,129324439.0,0.0,9.363,47.275,1.2,50.02,6.21,1.24,0.85
3,1990,NY,Nuclear,23623356.0,1990-01-01,12119202.0,129324439.0,0.0,9.363,47.275,1.2,50.02,6.21,1.24,0.85
4,1990,NY,Other Biomass,1568979.0,1990-01-01,12119202.0,129324439.0,0.0,9.363,47.275,1.2,50.02,6.21,1.24,0.85
5,1990,NY,Other Gases,89034.0,1990-01-01,12119202.0,129324439.0,0.0,9.363,47.275,1.2,50.02,6.21,1.24,0.85
6,1990,NY,Petroleum,33884855.004,1990-01-01,12119202.0,129324439.0,0.0,9.363,47.275,1.2,50.02,6.21,1.24,0.85
7,1990,NY,Pumped Storage,-1054095.0,1990-01-01,12119202.0,129324439.0,0.0,9.363,47.275,1.2,50.02,6.21,1.24,0.85
8,1990,NY,Total,135345692.004,1990-01-01,12119202.0,129324439.0,0.0,9.363,47.275,1.2,50.02,6.21,1.24,0.85
9,1990,NY,Wood and Wood Derived Fuels,407958.996,1990-01-01,12119202.0,129324439.0,0.0,9.363,47.275,1.2,50.02,6.21,1.24,0.85
10,1991,NY,Coal,26659950.996,1991-01-01,12664493.0,129410968.0,0.0,9.763,47.083,1.008,37.07,-6.74,-0.91,-1.3
11,1991,NY,Hydroelectric Conventional,27172119.996,1991-01-01,12664493.0,129410968.0,0.0,9.763,47.083,1.008,37.07,-6.74,-0.91,-1.3
12,1991,NY,Natural Gas,23074026.996,1991-01-01,12664493.0,129410968.0,0.0,9.763,47.083,1.008,37.07,-6.74,-0.91,-1.3
13,1991,NY,Nuclear,28448292.996,1991-01-01,12664493.0,129410968.0,0.0,9.763,47.083,1.008,37.07,-6.74,-0.91,-1.3
14,1991,NY,Other Biomass,1660364.004,1991-01-01,12664493.0,129410968.0,0.0,9.763,47.083,1.008,37.07,-6.74,-0.91,-1.3
15,1991,NY,Other Gases,51519.996,1991-01-01,12664493.0,129410968.0,0.0,9.763,47.083,1.008,37.07,-6.74,-0.91,-1.3
16,1991,NY,Petroleum,28220555.004,1991-01-01,12664493.0,129410968.0,0.0,9.763,47.083,1.008,37.07,-6.74,-0.91,-1.3
17,1991,NY,Pumped Storage,-1007268.996,1991-01-01,12664493.0,129410968.0,0.0,9.763,47.083,1.008,37.07,-6.74,-0.91,-1.3
18,1991,NY,Total,134600499.0,1991-01-01,12664493.0,129410968.0,0.0,9.763,47.083,1.008,37.07,-6.74,-0.91,-1.3
19,1991,NY,Wood and Wood Derived Fuels,320937.996,1991-01-01,12664493.0,129410968.0,0.0,9.763,47.083,1.008,37.07,-6.74,-0.91,-1.3
20,1992,NY,Coal,27279702.996,1992-01-01,13091726.0,128469712.0,0.0,10.187,43.767,-2.308,42.69,-1.12,0.807,0.417
21,1992,NY,Hydroelectric Conventional,28056647.004,1992-01-01,13091726.0,128469712.0,0.0,10.187,43.767,-2.308,42.69,-1.12,0.807,0.417
22,1992,NY,Natural Gas,26849697.0,1992-01-01,13091726.0,128469712.0,0.0,10.187,43.767,-2.308,42.69,-1.12,0.807,0.417
23,1992,NY,Nuclear,24154932.0,1992-01-01,13091726.0,128469712.0,0.0,10.187,43.767,-2.308,42.69,-1.12,0.807,0.417
24,1992,NY,Other Biomass,1738485.0,1992-01-01,13091726.0,128469712.0,0.0,10.187,43.767,-2.308,42.69,-1.12,0.807,0.417
25,1992,NY,Other Gases,91985.004,1992-01-01,13091726.0,128469712.0,0.0,10.187,43.767,-2.308,42.69,-1.12,0.807,0.417
26,1992,NY,Petroleum,18319257.996,1992-01-01,13091726.0,128469712.0,0.0,10.187,43.767,-2.308,42.69,-1.12,0.807,0.417
27,1992,NY,Pumped Storage,-1031645.004,1992-01-01,13091726.0,128469712.0,0.0,10.187,43.767,-2.308,42.69,-1.12,0.807,0.417
28,1992,NY,Total,125948924.004,1992-01-01,13091726.0,128469712.0,0.0,10.187,43.767,-2.308,42.69,-1.12,0.807,0.417
29,1992,NY,Wood and Wood Derived Fuels,489861.996,1992-01-01,13091726.0,128469712.0,0.0,10.187,43.767,-2.308,42.69,-1.12,0.807,0.417
30,1993,NY,Coal,24501966.0,1993-01-01,13960391.0,130170178.0,0.0,10.695,44.175,-1.9,41.37,-2.44,0.115,-0.275
31,1993,NY,Hydroelectric Conventional,29443296.0,1993-01-01,13960391.0,130170178.0,0.0,10.695,44.175,-1.9,41.37,-2.44,0.115,-0.275
32,1993,NY,Natural Gas,27075267.0,1993-01-01,13960391.0,130170178.0,0.0,10.695,44.175,-1.9,41.37,-2.44,0.115,-0.275
33,1993,NY,Nuclear,26889261.0,1993-01-01,13960391.0,130170178.0,0.0,10.695,44.175,-1.9,41.37,-2.44,0.115,-0.275
34,1993,NY,Other Biomass,1724963.004,1993-01-01,13960391.0,130170178.0,0.0,10.695,44.175,-1.9,41.37,-2.44,0.115,-0.275
35,1993,NY,Other Gases,90980.004,1993-01-01,13960391.0,130170178.0,0.0,10.695,44.175,-1.9,41.37,-2.44,0.115,-0.275
36,1993,NY,Petroleum,15072965.004,1993-01-01,13960391.0,130170178.0,0.0,10.695,44.175,-1.9,41.37,-2.44,0.115,-0.275
37,1993,NY,Pumped Storage,-1135701.996,1993-01-01,13960391.0,130170178.0,0.0,10.695,44.175,-1.9,41.37,-2.44,0.115,-0.275
38,1993,NY,Total,124221030.996,1993-01-01,13960391.0,130170178.0,0.0,10.695,44.175,-1.9,41.37,-2.44,0.115,-0.275
39,1993,NY,Wood and Wood Derived Fuels,558035.004,1993-01-01,13960391.0,130170178.0,0.0,10.695,44.175,-1.9,41.37,-2.44,0.115,-0.275
40,1994,NY,Coal,23290656.0,1994-01-01,14319546.0,131176572.0,0.0,10.882,44.342,-1.733,42.11,-1.7,0.461,0.071
41,1994,NY,Hydroelectric Conventional,27791256.996,1994-01-01,14319546.0,131176572.0,0.0,10.882,44.342,-1.733,42.11,-1.7,0.461,0.071
42,1994,NY,Natural Gas,32229929.004,1994-01-01,14319546.0,131176572.0,0.0,10.882,44.342,-1.733,42.11,-1.7,0.461,0.071
43,1994,NY,Nuclear,29231433.996,1994-01-01,14319546.0,131176572.0,0.0,10.882,44.342,-1.733,42.11,-1.7,0.461,0.071
44,1994,NY,Other Biomass,1904067.996,1994-01-01,14319546.0,131176572.0,0.0,10.882,44.342,-1.733,42.11,-1.7,0.461,0.071
45,1994,NY,Other Gases,94206.0,1994-01-01,14319546.0,131176572.0,0.0,10.882,44.342,-1.733,42.11,-1.7,0.461,0.071
46,1994,NY,Petroleum,12030378.0,1994-01-01,14319546.0,131176572.0,0.0,10.882,44.342,-1.733,42.11,-1.7,0.461,0.071
47,1994,NY,Pumped Storage,-1145844.0,1994-01-01,14319546.0,131176572.0,0.0,10.882,44.342,-1.733,42.11,-1.7,0.461,0.071
48,1994,NY,Total,126029571.996,1994-01-01,14319546.0,131176572.0,0.0,10.882,44.342,-1.733,42.11,-1.7,0.461,0.071
49,1994,NY,Wood and Wood Derived Fuels,603488.004,1994-01-01,14319546.0,131176572.0,0.0,10.882,44.342,-1.733,42.11,-1.7,0.461,0.071
50,1995,NY,Coal,22288913.004,1995-01-01,14434621.0,130470716.0,0.0,11.035,45.225,-0.85,37.1,-6.71,-0.783,-1.173
51,1995,NY,Hydroelectric Conventional,25993197.0,1995-01-01,14434621.0,130470716.0,0.0,11.035,45.225,-0.85,37.1,-6.71,-0.783,-1.173
52,1995,NY,Natural Gas,49056506.004,1995-01-01,14434621.0,130470716.0,0.0,11.035,45.225,-0.85,37.1,-6.71,-0.783,-1.173
53,1995,NY,Nuclear,26336172.0,1995-01-01,14434621.0,130470716.0,0.0,11.035,45.225,-0.85,37.1,-6.71,-0.783,-1.173
54,1995,NY,Other Biomass,1969440.0,1995-01-01,14434621.0,130470716.0,0.0,11.035,45.225,-0.85,37.1,-6.71,-0.783,-1.173
55,1995,NY,Other Gases,96672.996,1995-01-01,14434621.0,130470716.0,0.0,11.035,45.225,-0.85,37.1,-6.71,-0.783,-1.173
56,1995,NY,Petroleum,8268290.004,1995-01-01,14434621.0,130470716.0,0.0,11.035,45.225,-0.85,37.1,-6.71,-0.783,-1.173
57,1995,NY,Pumped Storage,-1162013.004,1995-01-01,14434621.0,130470716.0,0.0,11.035,45.225,-0.85,37.1,-6.71,-0.783,-1.173
58,1995,NY,Total,133413281.004,1995-01-01,14434621.0,130470716.0,0.0,11.035,45.225,-0.85,37.1,-6.71,-0.783,-1.173
59,1995,NY,Wood and Wood Derived Fuels,566103.0,1995-01-01,14434621.0,130470716.0,0.0,11.035,45.225,-0.85,37.1,-6.71,-0.783,-1.173
60,1996,NY,Coal,22671789.0,1996-01-01,14633490.0,131527186.0,0.0,11.109,44.533,-1.542,50.83,7.02,1.638,1.247
61,1996,NY,Hydroelectric Conventional,28951250.004,1996-01-01,14633490.0,131527186.0,0.0,11.109,44.533,-1.542,50.83,7.02,1.638,1.247
62,1996,NY,Natural Gas,37449378.0,1996-01-01,14633490.0,131527186.0,0.0,11.109,44.533,-1.542,50.83,7.02,1.638,1.247
63,1996,NY,Nuclear,35225805.996,1996-01-01,14633490.0,131527186.0,0.0,11.109,44.533,-1.542,50.83,7.02,1.638,1.247
64,1996,NY,Other Biomass,2144487.996,1996-01-01,14633490.0,131527186.0,0.0,11.109,44.533,-1.542,50.83,7.02,1.638,1.247
65,1996,NY,Other Gases,105707.004,1996-01-01,14633490.0,131527186.0,0.0,11.109,44.533,-1.542,50.83,7.02,1.638,1.247
66,1996,NY,Petroleum,9716598.0,1996-01-01,14633490.0,131527186.0,0.0,11.109,44.533,-1.542,50.83,7.02,1.638,1.247
67,1996,NY,Pumped Storage,-1145988.996,1996-01-01,14633490.0,131527186.0,0.0,11.109,44.533,-1.542,50.83,7.02,1.638,1.247
68,1996,NY,Total,135732249.0,1996-01-01,14633490.0,131527186.0,0.0,11.109,44.533,-1.542,50.83,7.02,1.638,1.247
69,1996,NY,Wood and Wood Derived Fuels,613221.996,1996-01-01,14633490.0,131527186.0,0.0,11.109,44.533,-1.542,50.83,7.02,1.638,1.247
70,1997,NY,Coal,24058794.0,1997-01-01,14682403.0,131943926.0,0.0,11.1,44.325,-1.75,39.01,-4.8,0.044,-0.346
71,1997,NY,Hydroelectric Conventional,30617994.996,1997-01-01,14682403.0,131943926.0,0.0,11.1,44.325,-1.75,39.01,-4.8,0.044,-0.346
72,1997,NY,Natural Gas,46280916.0,1997-01-01,14682403.0,131943926.0,0.0,11.1,44.325,-1.75,39.01,-4.8,0.044,-0.346
73,1997,NY,Nuclear,29569617.996,1997-01-01,14682403.0,131943926.0,0.0,11.1,44.325,-1.75,39.01,-4.8,0.044,-0.346
74,1997,NY,Other Biomass,2107260.996,1997-01-01,14682403.0,131943926.0,0.0,11.1,44.325,-1.75,39.01,-4.8,0.044,-0.346
75,1997,NY,Other Gases,107411.004,1997-01-01,14682403.0,131943926.0,0.0,11.1,44.325,-1.75,39.01,-4.8,0.044,-0.346
76,1997,NY,Petroleum,8588376.0,1997-01-01,14682403.0,131943926.0,0.0,11.1,44.325,-1.75,39.01,-4.8,0.044,-0.346
77,1997,NY,Pumped Storage,-1093152.996,1997-01-01,14682403.0,131943926.0,0.0,11.1,44.325,-1.75,39.01,-4.8,0.044,-0.346
78,1997,NY,Total,140831648.004,1997-01-01,14682403.0,131943926.0,0.0,11.1,44.325,-1.75,39.01,-4.8,0.044,-0.346
79,1997,NY,Wood and Wood Derived Fuels,594429.996,1997-01-01,14682403.0,131943926.0,0.0,11.1,44.325,-1.75,39.01,-4.8,0.044,-0.346
80,1998,NY,Coal,25264779.996,1998-01-01,14267168.0,134195524.0,0.0,10.608,48.342,2.267,41.4,-2.41,-0.039,-0.429
81,1998,NY,Hydroelectric Conventional,29315778.0,1998-01-01,14267168.0,134195524.0,0.0,10.608,48.342,2.267,41.4,-2.41,-0.039,-0.429
82,1998,NY,Natural Gas,42471599.004,1998-01-01,14267168.0,134195524.0,0.0,10.608,48.342,2.267,41.4,-2.41,-0.039,-0.429
83,1998,NY,Nuclear,31313708.004,1998-01-01,14267168.0,134195524.0,0.0,10.608,48.342,2.267,41.4,-2.41,-0.039,-0.429
84,1998,NY,Other Biomass,2180546.004,1998-01-01,14267168.0,134195524.0,0.0,10.608,48.342,2.267,41.4,-2.41,-0.039,-0.429
85,1998,NY,Other Gases,88313.004,1998-01-01,14267168.0,134195524.0,0.0,10.608,48.342,2.267,41.4,-2.41,-0.039,-0.429
86,1998,NY,Petroleum,14900781.996,1998-01-01,14267168.0,134195524.0,0.0,10.608,48.342,2.267,41.4,-2.41,-0.039,-0.429
87,1998,NY,Pumped Storage,-1157681.004,1998-01-01,14267168.0,134195524.0,0.0,10.608,48.342,2.267,41.4,-2.41,-0.039,-0.429
88,1998,NY,Total,144863247.996,1998-01-01,14267168.0,134195524.0,0.0,10.608,48.342,2.267,41.4,-2.41,-0.039,-0.429
89,1998,NY,Wood and Wood Derived Fuels,485423.004,1998-01-01,14267168.0,134195524.0,0.0,10.608,48.342,2.267,41.4,-2.41,-0.039,-0.429
90,1999,NY,Coal,23365941.996,1999-01-01,14181393.0,139377640.0,0.0,10.154,46.892,0.817,38.77,-5.04,-0.538,-0.928
91,1999,NY,Hydroelectric Conventional,24752318.004,1999-01-01,14181393.0,139377640.0,0.0,10.154,46.892,0.817,38.77,-5.04,-0.538,-0.928
92,1999,NY,Natural Gas,45999188.004,1999-01-01,14181393.0,139377640.0,0.0,10.154,46.892,0.817,38.77,-5.04,-0.538,-0.928
93,1999,NY,Nuclear,37018539.996,1999-01-01,14181393.0,139377640.0,0.0,10.154,46.892,0.817,38.77,-5.04,-0.538,-0.928
94,1999,NY,Other Biomass,2257728.0,1999-01-01,14181393.0,139377640.0,0.0,10.154,46.892,0.817,38.77,-5.04,-0.538,-0.928
95,1999,NY,Other Gases,111954.0,1999-01-01,14181393.0,139377640.0,0.0,10.154,46.892,0.817,38.77,-5.04,-0.538,-0.928
96,1999,NY,Petroleum,13304192.004,1999-01-01,14181393.0,139377640.0,0.0,10.154,46.892,0.817,38.77,-5.04,-0.538,-0.928
97,1999,NY,Pumped Storage,-1109075.004,1999-01-01,14181393.0,139377640.0,0.0,10.154,46.892,0.817,38.77,-5.04,-0.538,-0.928
98,1999,NY,Total,146280866.004,1999-01-01,14181393.0,139377640.0,0.0,10.154,46.892,0.817,38.77,-5.04,-0.538,-0.928
99,1999,NY,Wood and Wood Derived Fuels,580079.004,1999-01-01,14181393.0,139377640.0,0.0,10.154,46.892,0.817,38.77,-5.04,-0.538,-0.928
100,2000,NY,Coal,25009581.0,2000-01-01,16166620.0,142026559.0,0.0,11.347,44.875,-1.2,46.24,2.43,1.062,0.672
101,2000,NY,Hydroelectric Conventional,24909572.004,2000-01-01,16166620.0,142026559.0,0.0,11.347,44.875,-1.2,46.24,2.43,1.062,0.672
102,2000,NY,Natural Gas,39728709.0,2000-01-01,16166620.0,142026559.0,0.0,11.347,44.875,-1.2,46.24,2.43,1.062,0.672
103,2000,NY,Nuclear,31507988.004,2000-01-01,16166620.0,142026559.0,0.0,11.347,44.875,-1.2,46.24,2.43,1.062,0.672
104,2000,NY,Other Biomass,2231612.004,2000-01-01,16166620.0,142026559.0,0.0,11.347,44.875,-1.2,46.24,2.43,1.062,0.672
105,2000,NY,Other Gases,86201.004,2000-01-01,16166620.0,142026559.0,0.0,11.347,44.875,-1.2,46.24,2.43,1.062,0.672
106,2000,NY,Petroleum,14945178.996,2000-01-01,16166620.0,142026559.0,0.0,11.347,44.875,-1.2,46.24,2.43,1.062,0.672
107,2000,NY,Pumped Storage,-990437.004,2000-01-01,16166620.0,142026559.0,0.0,11.347,44.875,-1.2,46.24,2.43,1.062,0.672
108,2000,NY,Total,138079074.996,2000-01-01,16166620.0,142026559.0,0.0,11.347,44.875,-1.2,46.24,2.43,1.062,0.672
109,2000,NY,Wind,10344.996,2000-01-01,16166620.0,142026559.0,0.0,11.347,44.875,-1.2,46.24,2.43,1.062,0.672
110,2000,NY,Wood and Wood Derived Fuels,640325.004,2000-01-01,16166620.0,142026559.0,0.0,11.347,44.875,-1.2,46.24,2.43,1.062,0.672
111,2001,NY,Coal,23431922.0,2001-01-01,16650709.0,144180760.0,0.0,11.51,46.933,0.858,34.14,-9.67,-1.204,-1.594
112,2001,NY,Hydroelectric Conventional,23083954.0,2001-01-01,16650709.0,144180760.0,0.0,11.51,46.933,0.858,34.14,-9.67,-1.204,-1.594
113,2001,NY,Natural Gas,38697213.0,2001-01-01,16650709.0,144180760.0,0.0,11.51,46.933,0.858,34.14,-9.67,-1.204,-1.594
114,2001,NY,Nuclear,40394985.0,2001-01-01,16650709.0,144180760.0,0.0,11.51,46.933,0.858,34.14,-9.67,-1.204,-1.594
115,2001,NY,Other,809302.0,2001-01-01,16650709.0,144180760.0,0.0,11.51,46.933,0.858,34.14,-9.67,-1.204,-1.594
116,2001,NY,Other Biomass,1277847.0,2001-01-01,16650709.0,144180760.0,0.0,11.51,46.933,0.858,34.14,-9.67,-1.204,-1.594
117,2001,NY,Other Gases,114537.0,2001-01-01,16650709.0,144180760.0,0.0,11.51,46.933,0.858,34.14,-9.67,-1.204,-1.594
118,2001,NY,Petroleum,16512093.0,2001-01-01,16650709.0,144180760.0,0.0,11.51,46.933,0.858,34.14,-9.67,-1.204,-1.594
119,2001,NY,Pumped Storage,-930520.0,2001-01-01,16650709.0,144180760.0,0.0,11.51,46.933,0.858,34.14,-9.67,-1.204,-1.594
120,2001,NY,Total,143914556.0,2001-01-01,16650709.0,144180760.0,0.0,11.51,46.933,0.858,34.14,-9.67,-1.204,-1.594
121,2001,NY,Wind,20539.0,2001-01-01,16650709.0,144180760.0,0.0,11.51,46.933,0.858,34.14,-9.67,-1.204,-1.594
122,2001,NY,Wood and Wood Derived Fuels,502684.0,2001-01-01,16650709.0,144180760.0,0.0,11.51,46.933,0.858,34.14,-9.67,-1.204,-1.594
123,2002,NY,Coal,23239112.0,2002-01-01,16454453.0,147440117.0,0.0,11.107,46.833,0.758,43.56,-0.25,0.209,-0.181
124,2002,NY,Hydroelectric Conventional,25047894.0,2002-01-01,16454453.0,147440117.0,0.0,11.107,46.833,0.758,43.56,-0.25,0.209,-0.181
125,2002,NY,Natural Gas,38451190.0,2002-01-01,16454453.0,147440117.0,0.0,11.107,46.833,0.758,43.56,-0.25,0.209,-0.181
126,2002,NY,Nuclear,39617491.0,2002-01-01,16454453.0,147440117.0,0.0,11.107,46.833,0.758,43.56,-0.25,0.209,-0.181
127,2002,NY,Other,815445.0,2002-01-01,16454453.0,147440117.0,0.0,11.107,46.833,0.758,43.56,-0.25,0.209,-0.181
128,2002,NY,Other Biomass,1313824.0,2002-01-01,16454453.0,147440117.0,0.0,11.107,46.833,0.758,43.56,-0.25,0.209,-0.181
129,2002,NY,Petroleum,11534111.0,2002-01-01,16454453.0,147440117.0,0.0,11.107,46.833,0.758,43.56,-0.25,0.209,-0.181
130,2002,NY,Pumped Storage,-921224.0,2002-01-01,16454453.0,147440117.0,0.0,11.107,46.833,0.758,43.56,-0.25,0.209,-0.181
131,2002,NY,Total,139591686.0,2002-01-01,16454453.0,147440117.0,0.0,11.107,46.833,0.758,43.56,-0.25,0.209,-0.181
132,2002,NY,Wind,81624.0,2002-01-01,16454453.0,147440117.0,0.0,11.107,46.833,0.758,43.56,-0.25,0.209,-0.181
133,2002,NY,Wood and Wood Derived Fuels,412219.0,2002-01-01,16454453.0,147440117.0,0.0,11.107,46.833,0.758,43.56,-0.25,0.209,-0.181
134,2003,NY,Coal,23581068.0,2003-01-01,17919539.0,144044703.0,0.0,12.419,44.517,-1.558,48.02,4.21,1.164,0.774
135,2003,NY,Hydroelectric Conventional,24268660.0,2003-01-01,17919539.0,144044703.0,0.0,12.419,44.517,-1.558,48.02,4.21,1.164,0.774
136,2003,NY,Natural Gas,28156348.0,2003-01-01,17919539.0,144044703.0,0.0,12.419,44.517,-1.558,48.02,4.21,1.164,0.774
137,2003,NY,Nuclear,40679205.0,2003-01-01,17919539.0,144044703.0,0.0,12.419,44.517,-1.558,48.02,4.21,1.164,0.774
138,2003,NY,Other,842743.0,2003-01-01,17919539.0,144044703.0,0.0,12.419,44.517,-1.558,48.02,4.21,1.164,0.774
139,2003,NY,Other Biomass,1282724.0,2003-01-01,17919539.0,144044703.0,0.0,12.419,44.517,-1.558,48.02,4.21,1.164,0.774
140,2003,NY,Petroleum,19291599.0,2003-01-01,17919539.0,144044703.0,0.0,12.419,44.517,-1.558,48.02,4.21,1.164,0.774
141,2003,NY,Pumped Storage,-911806.0,2003-01-01,17919539.0,144044703.0,0.0,12.419,44.517,-1.558,48.02,4.21,1.164,0.774
142,2003,NY,Total,137643314.0,2003-01-01,17919539.0,144044703.0,0.0,12.419,44.517,-1.558,48.02,4.21,1.164,0.774
143,2003,NY,Wind,41203.0,2003-01-01,17919539.0,144044703.0,0.0,12.419,44.517,-1.558,48.02,4.21,1.164,0.774
144,2003,NY,Wood and Wood Derived Fuels,411578.0,2003-01-01,17919539.0,144044703.0,0.0,12.419,44.517,-1.558,48.02,4.21,1.164,0.774
145,2004,NY,Coal,22852705.0,2004-01-01,18209097.0,145081709.0,0.0,12.52,45.167,-0.908,45.17,1.36,0.782,0.392
146,2004,NY,Hydroelectric Conventional,23989661.0,2004-01-01,18209097.0,145081709.0,0.0,12.52,45.167,-0.908,45.17,1.36,0.782,0.392
147,2004,NY,Natural Gas,27294046.0,2004-01-01,18209097.0,145081709.0,0.0,12.52,45.167,-0.908,45.17,1.36,0.782,0.392
148,2004,NY,Nuclear,40640305.0,2004-01-01,18209097.0,145081709.0,0.0,12.52,45.167,-0.908,45.17,1.36,0.782,0.392
149,2004,NY,Other,884377.0,2004-01-01,18209097.0,145081709.0,0.0,12.52,45.167,-0.908,45.17,1.36,0.782,0.392
150,2004,NY,Other Biomass,1298097.0,2004-01-01,18209097.0,145081709.0,0.0,12.52,45.167,-0.908,45.17,1.36,0.782,0.392
151,2004,NY,Petroleum,21205199.0,2004-01-01,18209097.0,145081709.0,0.0,12.52,45.167,-0.908,45.17,1.36,0.782,0.392
152,2004,NY,Pumped Storage,-813171.0,2004-01-01,18209097.0,145081709.0,0.0,12.52,45.167,-0.908,45.17,1.36,0.782,0.392
153,2004,NY,Total,137964793.0,2004-01-01,18209097.0,145081709.0,0.0,12.52,45.167,-0.908,45.17,1.36,0.782,0.392
154,2004,NY,Wind,116450.0,2004-01-01,18209097.0,145081709.0,0.0,12.52,45.167,-0.908,45.17,1.36,0.782,0.392
155,2004,NY,Wood and Wood Derived Fuels,497128.0,2004-01-01,18209097.0,145081709.0,0.0,12.52,45.167,-0.908,45.17,1.36,0.782,0.392
156,2005,NY,Coal,20597640.0,2005-01-01,20940764.0,150147571.0,0.0,13.885,46.225,0.15,46.85,3.04,0.455,0.065
157,2005,NY,Hydroelectric Conventional,25782519.0,2005-01-01,20940764.0,150147571.0,0.0,13.885,46.225,0.15,46.85,3.04,0.455,0.065
158,2005,NY,Natural Gas,31872701.0,2005-01-01,20940764.0,150147571.0,0.0,13.885,46.225,0.15,46.85,3.04,0.455,0.065
159,2005,NY,Nuclear,42443152.0,2005-01-01,20940764.0,150147571.0,0.0,13.885,46.225,0.15,46.85,3.04,0.455,0.065
160,2005,NY,Other,970907.0,2005-01-01,20940764.0,150147571.0,0.0,13.885,46.225,0.15,46.85,3.04,0.455,0.065
161,2005,NY,Other Biomass,1357739.0,2005-01-01,20940764.0,150147571.0,0.0,13.885,46.225,0.15,46.85,3.04,0.455,0.065
162,2005,NY,Petroleum,24012782.0,2005-01-01,20940764.0,150147571.0,0.0,13.885,46.225,0.15,46.85,3.04,0.455,0.065
163,2005,NY,Pumped Storage,-780731.0,2005-01-01,20940764.0,150147571.0,0.0,13.885,46.225,0.15,46.85,3.04,0.455,0.065
164,2005,NY,Total,146887419.0,2005-01-01,20940764.0,150147571.0,0.0,13.885,46.225,0.15,46.85,3.04,0.455,0.065
165,2005,NY,Wind,102989.0,2005-01-01,20940764.0,150147571.0,0.0,13.885,46.225,0.15,46.85,3.04,0.455,0.065
166,2005,NY,Wood and Wood Derived Fuels,527721.0,2005-01-01,20940764.0,150147571.0,0.0,13.885,46.225,0.15,46.85,3.04,0.455,0.065
167,2006,NY,Coal,20967839.0,2006-01-01,21715698.0,142238019.0,0.0,15.206,47.633,1.558,48.89,5.08,1.135,0.745
168,2006,NY,Hydroelectric Conventional,27344657.0,2006-01-01,21715698.0,142238019.0,0.0,15.206,47.633,1.558,48.89,5.08,1.135,0.745
169,2006,NY,Natural Gas,42133877.0,2006-01-01,21715698.0,142238019.0,0.0,15.206,47.633,1.558,48.89,5.08,1.135,0.745
170,2006,NY,Nuclear,42223899.0,2006-01-01,21715698.0,142238019.0,0.0,15.206,47.633,1.558,48.89,5.08,1.135,0.745
171,2006,NY,Other,976638.0,2006-01-01,21715698.0,142238019.0,0.0,15.206,47.633,1.558,48.89,5.08,1.135,0.745
172,2006,NY,Other Biomass,1419441.0,2006-01-01,21715698.0,142238019.0,0.0,15.206,47.633,1.558,48.89,5.08,1.135,0.745
173,2006,NY,Petroleum,6778040.0,2006-01-01,21715698.0,142238019.0,0.0,15.206,47.633,1.558,48.89,5.08,1.135,0.745
174,2006,NY,Pumped Storage,-756156.0,2006-01-01,21715698.0,142238019.0,0.0,15.206,47.633,1.558,48.89,5.08,1.135,0.745
175,2006,NY,Total,142265432.0,2006-01-01,21715698.0,142238019.0,0.0,15.206,47.633,1.558,48.89,5.08,1.135,0.745
176,2006,NY,Wind,655372.0,2006-01-01,21715698.0,142238019.0,0.0,15.206,47.633,1.558,48.89,5.08,1.135,0.745
177,2006,NY,Wood and Wood Derived Fuels,521828.0,2006-01-01,21715698.0,142238019.0,0.0,15.206,47.633,1.558,48.89,5.08,1.135,0.745
178,2007,NY,Coal,21405543.0,2007-01-01,22553430.0,148177524.0,7674174.333,15.185,45.658,-0.417,44.47,0.66,0.269,-0.121
179,2007,NY,Hydroelectric Conventional,25252556.0,2007-01-01,22553430.0,148177524.0,7674174.333,15.185,45.658,-0.417,44.47,0.66,0.269,-0.121
180,2007,NY,Natural Gas,45633630.0,2007-01-01,22553430.0,148177524.0,7674174.333,15.185,45.658,-0.417,44.47,0.66,0.269,-0.121
181,2007,NY,Nuclear,42452854.0,2007-01-01,22553430.0,148177524.0,7674174.333,15.185,45.658,-0.417,44.47,0.66,0.269,-0.121
182,2007,NY,Other,932292.0,2007-01-01,22553430.0,148177524.0,7674174.333,15.185,45.658,-0.417,44.47,0.66,0.269,-0.121
183,2007,NY,Other Biomass,1449346.0,2007-01-01,22553430.0,148177524.0,7674174.333,15.185,45.658,-0.417,44.47,0.66,0.269,-0.121
184,2007,NY,Petroleum,8195110.0,2007-01-01,22553430.0,148177524.0,7674174.333,15.185,45.658,-0.417,44.47,0.66,0.269,-0.121
185,2007,NY,Pumped Storage,-768380.0,2007-01-01,22553430.0,148177524.0,7674174.333,15.185,45.658,-0.417,44.47,0.66,0.269,-0.121
186,2007,NY,Total,145878688.0,2007-01-01,22553430.0,148177524.0,7674174.333,15.185,45.658,-0.417,44.47,0.66,0.269,-0.121
187,2007,NY,Wind,833478.0,2007-01-01,22553430.0,148177524.0,7674174.333,15.185,45.658,-0.417,44.47,0.66,0.269,-0.121
188,2007,NY,Wood and Wood Derived Fuels,492260.0,2007-01-01,22553430.0,148177524.0,7674174.333,15.185,45.658,-0.417,44.47,0.66,0.269,-0.121
189,2008,NY,Coal,19154126.0,2008-01-01,23726330.0,144052936.0,7937991.75,16.378,45.775,-0.3,47.73,3.92,1.21,0.82
190,2008,NY,Hydroelectric Conventional,26723131.0,2008-01-01,23726330.0,144052936.0,7937991.75,16.378,45.775,-0.3,47.73,3.92,1.21,0.82
191,2008,NY,Natural Gas,43856461.0,2008-01-01,23726330.0,144052936.0,7937991.75,16.378,45.775,-0.3,47.73,3.92,1.21,0.82
192,2008,NY,Nuclear,43209171.0,2008-01-01,23726330.0,144052936.0,7937991.75,16.378,45.775,-0.3,47.73,3.92,1.21,0.82
193,2008,NY,Other,987365.0,2008-01-01,23726330.0,144052936.0,7937991.75,16.378,45.775,-0.3,47.73,3.92,1.21,0.82
194,2008,NY,Other Biomass,1512859.0,2008-01-01,23726330.0,144052936.0,7937991.75,16.378,45.775,-0.3,47.73,3.92,1.21,0.82
195,2008,NY,Petroleum,3745328.0,2008-01-01,23726330.0,144052936.0,7937991.75,16.378,45.775,-0.3,47.73,3.92,1.21,0.82
196,2008,NY,Pumped Storage,-672139.0,2008-01-01,23726330.0,144052936.0,7937991.75,16.378,45.775,-0.3,47.73,3.92,1.21,0.82
197,2008,NY,Total,140322101.0,2008-01-01,23726330.0,144052936.0,7937991.75,16.378,45.775,-0.3,47.73,3.92,1.21,0.82
198,2008,NY,Wind,1250699.0,2008-01-01,23726330.0,144052936.0,7937991.75,16.378,45.775,-0.3,47.73,3.92,1.21,0.82
199,2008,NY,Wood and Wood Derived Fuels,555097.0,2008-01-01,23726330.0,144052936.0,7937991.75,16.378,45.775,-0.3,47.73,3.92,1.21,0.82
200,2009,NY,Coal,12758871.0,2009-01-01,21623581.0,140034397.0,7959830.333,15.397,45.017,-1.058,42.37,-1.44,0.453,0.063
201,2009,NY,Hydroelectric Conventional,27615108.0,2009-01-01,21623581.0,140034397.0,7959830.333,15.397,45.017,-1.058,42.37,-1.44,0.453,0.063
202,2009,NY,Natural Gas,41779597.0,2009-01-01,21623581.0,140034397.0,7959830.333,15.397,45.017,-1.058,42.37,-1.44,0.453,0.063
203,2009,NY,Nuclear,43484614.0,2009-01-01,21623581.0,140034397.0,7959830.333,15.397,45.017,-1.058,42.37,-1.44,0.453,0.063
204,2009,NY,Other,877433.0,2009-01-01,21623581.0,140034397.0,7959830.333,15.397,45.017,-1.058,42.37,-1.44,0.453,0.063
205,2009,NY,Other Biomass,1664816.0,2009-01-01,21623581.0,140034397.0,7959830.333,15.397,45.017,-1.058,42.37,-1.44,0.453,0.063
206,2009,NY,Petroleum,2648307.0,2009-01-01,21623581.0,140034397.0,7959830.333,15.397,45.017,-1.058,42.37,-1.44,0.453,0.063
207,2009,NY,Pumped Storage,-480387.0,2009-01-01,21623581.0,140034397.0,7959830.333,15.397,45.017,-1.058,42.37,-1.44,0.453,0.063
208,2009,NY,Total,133150551.0,2009-01-01,21623581.0,140034397.0,7959830.333,15.397,45.017,-1.058,42.37,-1.44,0.453,0.063
209,2009,NY,Wind,2266339.0,2009-01-01,21623581.0,140034397.0,7959830.333,15.397,45.017,-1.058,42.37,-1.44,0.453,0.063
210,2009,NY,Wood and Wood Derived Fuels,535854.0,2009-01-01,21623581.0,140034397.0,7959830.333,15.397,45.017,-1.058,42.37,-1.44,0.453,0.063
211,2010,NY,Coal,13582767.0,2010-01-01,23735180.0,144623574.0,8001547.583,16.343,47.25,1.175,43.92,0.11,0.168,-0.222
212,2010,NY,Hydroelectric Conventional,25471695.0,2010-01-01,23735180.0,144623574.0,8001547.583,16.343,47.25,1.175,43.92,0.11,0.168,-0.222
213,2010,NY,Natural Gas,48915546.0,2010-01-01,23735180.0,144623574.0,8001547.583,16.343,47.25,1.175,43.92,0.11,0.168,-0.222
214,2010,NY,Nuclear,41869535.0,2010-01-01,23735180.0,144623574.0,8001547.583,16.343,47.25,1.175,43.92,0.11,0.168,-0.222
215,2010,NY,Other,831851.0,2010-01-01,23735180.0,144623574.0,8001547.583,16.343,47.25,1.175,43.92,0.11,0.168,-0.222
216,2010,NY,Other Biomass,1671090.0,2010-01-01,23735180.0,144623574.0,8001547.583,16.343,47.25,1.175,43.92,0.11,0.168,-0.222
217,2010,NY,Petroleum,2004977.0,2010-01-01,23735180.0,144623574.0,8001547.583,16.343,47.25,1.175,43.92,0.11,0.168,-0.222
218,2010,NY,Pumped Storage,-529264.0,2010-01-01,23735180.0,144623574.0,8001547.583,16.343,47.25,1.175,43.92,0.11,0.168,-0.222
219,2010,NY,Total,136961655.0,2010-01-01,23735180.0,144623574.0,8001547.583,16.343,47.25,1.175,43.92,0.11,0.168,-0.222
220,2010,NY,Wind,2596154.0,2010-01-01,23735180.0,144623574.0,8001547.583,16.343,47.25,1.175,43.92,0.11,0.168,-0.222
221,2010,NY,Wood and Wood Derived Fuels,547303.0,2010-01-01,23735180.0,144623574.0,8001547.583,16.343,47.25,1.175,43.92,0.11,0.168,-0.222
222,2011,NY,Coal,9426160.21,2011-01-01,22888658.0,144046609.0,8031846.25,15.822,47.125,1.05,55.71,11.9,1.999,1.609
223,2011,NY,Hydroelectric Conventional,27996987.62,2011-01-01,22888658.0,144046609.0,8031846.25,15.822,47.125,1.05,55.71,11.9,1.999,1.609
224,2011,NY,Natural Gas,50804754.87,2011-01-01,22888658.0,144046609.0,8031846.25,15.822,47.125,1.05,55.71,11.9,1.999,1.609
225,2011,NY,Nuclear,42695009.0,2011-01-01,22888658.0,144046609.0,8031846.25,15.822,47.125,1.05,55.71,11.9,1.999,1.609
226,2011,NY,Other,905187.09,2011-01-01,22888658.0,144046609.0,8031846.25,15.822,47.125,1.05,55.71,11.9,1.999,1.609
227,2011,NY,Other Biomass,1619149.03,2011-01-01,22888658.0,144046609.0,8031846.25,15.822,47.125,1.05,55.71,11.9,1.999,1.609
228,2011,NY,Petroleum,1189480.72,2011-01-01,22888658.0,144046609.0,8031846.25,15.822,47.125,1.05,55.71,11.9,1.999,1.609
229,2011,NY,Pumped Storage,-305500.0,2011-01-01,22888658.0,144046609.0,8031846.25,15.822,47.125,1.05,55.71,11.9,1.999,1.609
230,2011,NY,Solar Thermal and Photovoltaic,6443.0,2011-01-01,22888658.0,144046609.0,8031846.25,15.822,47.125,1.05,55.71,11.9,1.999,1.609
231,2011,NY,Total,137607867.94,2011-01-01,22888658.0,144046609.0,8031846.25,15.822,47.125,1.05,55.71,11.9,1.999,1.609
232,2011,NY,Wind,2828069.0,2011-01-01,22888658.0,144046609.0,8031846.25,15.822,47.125,1.05,55.71,11.9,1.999,1.609
233,2011,NY,Wood and Wood Derived Fuels,442127.49,2011-01-01,22888658.0,144046609.0,8031846.25,15.822,47.125,1.05,55.71,11.9,1.999,1.609
234,2012,NY,Coal,4551039.11,2012-01-01,21683209.0,143162669.0,8057143.083,15.078,48.842,2.767,39.56,-4.25,-0.569,-0.959
235,2012,NY,Hydroelectric Conventional,24652495.46,2012-01-01,21683209.0,143162669.0,8057143.083,15.078,48.842,2.767,39.56,-4.25,-0.569,-0.959
236,2012,NY,Natural Gas,59462256.3,2012-01-01,21683209.0,143162669.0,8057143.083,15.078,48.842,2.767,39.56,-4.25,-0.569,-0.959
237,2012,NY,Nuclear,40774560.0,2012-01-01,21683209.0,143162669.0,8057143.083,15.078,48.842,2.767,39.56,-4.25,-0.569,-0.959
238,2012,NY,Other,968133.41,2012-01-01,21683209.0,143162669.0,8057143.083,15.078,48.842,2.767,39.56,-4.25,-0.569,-0.959
239,2012,NY,Other Biomass,1660350.54,2012-01-01,21683209.0,143162669.0,8057143.083,15.078,48.842,2.767,39.56,-4.25,-0.569,-0.959
240,2012,NY,Petroleum,580284.39,2012-01-01,21683209.0,143162669.0,8057143.083,15.078,48.842,2.767,39.56,-4.25,-0.569,-0.959
241,2012,NY,Pumped Storage,-412945.0,2012-01-01,21683209.0,143162669.0,8057143.083,15.078,48.842,2.767,39.56,-4.25,-0.569,-0.959
242,2012,NY,Solar Thermal and Photovoltaic,52713.0,2012-01-01,21683209.0,143162669.0,8057143.083,15.078,48.842,2.767,39.56,-4.25,-0.569,-0.959
243,2012,NY,Total,135768251.06,2012-01-01,21683209.0,143162669.0,8057143.083,15.078,48.842,2.767,39.56,-4.25,-0.569,-0.959
244,2012,NY,Wind,2991580.41,2012-01-01,21683209.0,143162669.0,8057143.083,15.078,48.842,2.767,39.56,-4.25,-0.569,-0.959
245,2012,NY,Wood and Wood Derived Fuels,487783.52,2012-01-01,21683209.0,143162669.0,8057143.083,15.078,48.842,2.767,39.56,-4.25,-0.569,-0.959
246,2013,NY,Coal,4697104.74,2013-01-01,22835593.4,147895126.0,8076227.917,15.374,45.725,-0.35,43.99,0.18,0.566,0.176
247,2013,NY,Hydroelectric Conventional,24973289.29,2013-01-01,22835593.4,147895126.0,8076227.917,15.374,45.725,-0.35,43.99,0.18,0.566,0.176
248,2013,NY,Natural Gas,54354386.62,2013-01-01,22835593.4,147895126.0,8076227.917,15.374,45.725,-0.35,43.99,0.18,0.566,0.176
249,2013,NY,Nuclear,44755606.0,2013-01-01,22835593.4,147895126.0,8076227.917,15.374,45.725,-0.35,43.99,0.18,0.566,0.176
250,2013,NY,Other,883827.48,2013-01-01,22835593.4,147895126.0,8076227.917,15.374,45.725,-0.35,43.99,0.18,0.566,0.176
251,2013,NY,Other Biomass,1674041.4,2013-01-01,22835593.4,147895126.0,8076227.917,15.374,45.725,-0.35,43.99,0.18,0.566,0.176
252,2013,NY,Petroleum,1007373.31,2013-01-01,22835593.4,147895126.0,8076227.917,15.374,45.725,-0.35,43.99,0.18,0.566,0.176
253,2013,NY,Pumped Storage,-442868.0,2013-01-01,22835593.4,147895126.0,8076227.917,15.374,45.725,-0.35,43.99,0.18,0.566,0.176
254,2013,NY,Solar Thermal and Photovoltaic,67017.17,2013-01-01,22835593.4,147895126.0,8076227.917,15.374,45.725,-0.35,43.99,0.18,0.566,0.176
255,2013,NY,Total,136116829.97,2013-01-01,22835593.4,147895126.0,8076227.917,15.374,45.725,-0.35,43.99,0.18,0.566,0.176
256,2013,NY,Wind,3539498.01,2013-01-01,22835593.4,147895126.0,8076227.917,15.374,45.725,-0.35,43.99,0.18,0.566,0.176
257,2013,NY,Wood and Wood Derived Fuels,607554.02,2013-01-01,22835593.4,147895126.0,8076227.917,15.374,45.725,-0.35,43.99,0.18,0.566,0.176
258,2014,NY,Coal,4597712.4,2014-01-01,23950528.0,147371912.0,8100264.417,16.215,44.508,-1.567,43.22,-0.59,0.53,0.14
259,2014,NY,Hydroelectric Conventional,25546829.92,2014-01-01,23950528.0,147371912.0,8100264.417,16.215,44.508,-1.567,43.22,-0.59,0.53,0.14
260,2014,NY,Natural Gas,53980536.95,2014-01-01,23950528.0,147371912.0,8100264.417,16.215,44.508,-1.567,43.22,-0.59,0.53,0.14
261,2014,NY,Nuclear,43038624.0,2014-01-01,23950528.0,147371912.0,8100264.417,16.215,44.508,-1.567,43.22,-0.59,0.53,0.14
262,2014,NY,Other,990832.29,2014-01-01,23950528.0,147371912.0,8100264.417,16.215,44.508,-1.567,43.22,-0.59,0.53,0.14
263,2014,NY,Other Biomass,1706031.92,2014-01-01,23950528.0,147371912.0,8100264.417,16.215,44.508,-1.567,43.22,-0.59,0.53,0.14
264,2014,NY,Other Gases,0.0,2014-01-01,23950528.0,147371912.0,8100264.417,16.215,44.508,-1.567,43.22,-0.59,0.53,0.14
265,2014,NY,Petroleum,2128836.44,2014-01-01,23950528.0,147371912.0,8100264.417,16.215,44.508,-1.567,43.22,-0.59,0.53,0.14
266,2014,NY,Pumped Storage,-491330.0,2014-01-01,23950528.0,147371912.0,8100264.417,16.215,44.508,-1.567,43.22,-0.59,0.53,0.14
267,2014,NY,Solar Thermal and Photovoltaic,76026.5,2014-01-01,23950528.0,147371912.0,8100264.417,16.215,44.508,-1.567,43.22,-0.59,0.53,0.14
268,2014,NY,Total,136275372.89,2014-01-01,23950528.0,147371912.0,8100264.417,16.215,44.508,-1.567,43.22,-0.59,0.53,0.14
269,2014,NY,Wind,3970657.19,2014-01-01,23950528.0,147371912.0,8100264.417,16.215,44.508,-1.567,43.22,-0.59,0.53,0.14
270,2014,NY,Wood and Wood Derived Fuels,730615.37,2014-01-01,23950528.0,147371912.0,8100264.417,16.215,44.508,-1.567,43.22,-0.59,0.53,0.14
271,2015,NY,Coal,2380066.0,2015-01-01,22747297.4,148913655.0,8141860.25,15.227,45.692,-0.383,40.64,-3.17,-0.217,-0.607
272,2015,NY,Hydroelectric Conventional,26014519.0,2015-01-01,22747297.4,148913655.0,8141860.25,15.227,45.692,-0.383,40.64,-3.17,-0.217,-0.607
273,2015,NY,Natural Gas,56923415.0,2015-01-01,22747297.4,148913655.0,8141860.25,15.227,45.692,-0.383,40.64,-3.17,-0.217,-0.607
274,2015,NY,Nuclear,44602871.0,2015-01-01,22747297.4,148913655.0,8141860.25,15.227,45.692,-0.383,40.64,-3.17,-0.217,-0.607
275,2015,NY,Other,918816.0,2015-01-01,22747297.4,148913655.0,8141860.25,15.227,45.692,-0.383,40.64,-3.17,-0.217,-0.607
276,2015,NY,Other Biomass,1624772.0,2015-01-01,22747297.4,148913655.0,8141860.25,15.227,45.692,-0.383,40.64,-3.17,-0.217,-0.607
277,2015,NY,Other Gases,0.0,2015-01-01,22747297.4,148913655.0,8141860.25,15.227,45.692,-0.383,40.64,-3.17,-0.217,-0.607
278,2015,NY,Petroleum,1892292.0,2015-01-01,22747297.4,148913655.0,8141860.25,15.227,45.692,-0.383,40.64,-3.17,-0.217,-0.607
279,2015,NY,Pumped Storage,-422812.0,2015-01-01,22747297.4,148913655.0,8141860.25,15.227,45.692,-0.383,40.64,-3.17,-0.217,-0.607
280,2015,NY,Solar Thermal and Photovoltaic,100527.0,2015-01-01,22747297.4,148913655.0,8141860.25,15.227,45.692,-0.383,40.64,-3.17,-0.217,-0.607
281,2015,NY,Total,138627722.0,2015-01-01,22747297.4,148913655.0,8141860.25,15.227,45.692,-0.383,40.64,-3.17,-0.217,-0.607
282,2015,NY,Wind,3976981.0,2015-01-01,22747297.4,148913655.0,8141860.25,15.227,45.692,-0.383,40.64,-3.17,-0.217,-0.607
283,2015,NY,Wood and Wood Derived Fuels,616273.0,2015-01-01,22747297.4,148913655.0,8141860.25,15.227,45.692,-0.383,40.64,-3.17,-0.217,-0.607
284,2016,NY,Coal,1770238.0,2016-01-01,21387763.5,147803037.0,8199449.25,14.4,47.642,1.567,38.17,-5.64,-0.666,-1.056
285,2016,NY,Hydroelectric Conventional,26888235.0,2016-01-01,21387763.5,147803037.0,8199449.25,14.4,47.642,1.567,38.17,-5.64,-0.666,-1.056
286,2016,NY,Natural Gas,56793335.0,2016-01-01,21387763.5,147803037.0,8199449.25,14.4,47.642,1.567,38.17,-5.64,-0.666,-1.056
287,2016,NY,Nuclear,41570990.0,2016-01-01,21387763.5,147803037.0,8199449.25,14.4,47.642,1.567,38.17,-5.64,-0.666,-1.056
288,2016,NY,Other,898989.0,2016-01-01,21387763.5,147803037.0,8199449.25,14.4,47.642,1.567,38.17,-5.64,-0.666,-1.056
289,2016,NY,Other Biomass,1604650.0,2016-01-01,21387763.5,147803037.0,8199449.25,14.4,47.642,1.567,38.17,-5.64,-0.666,-1.056
290,2016,NY,Other Gases,0.0,2016-01-01,21387763.5,147803037.0,8199449.25,14.4,47.642,1.567,38.17,-5.64,-0.666,-1.056
291,2016,NY,Petroleum,642952.0,2016-01-01,21387763.5,147803037.0,8199449.25,14.4,47.642,1.567,38.17,-5.64,-0.666,-1.056
292,2016,NY,Pumped Storage,-470932.0,2016-01-01,21387763.5,147803037.0,8199449.25,14.4,47.642,1.567,38.17,-5.64,-0.666,-1.056
293,2016,NY,Solar Thermal and Photovoltaic,139610.0,2016-01-01,21387763.5,147803037.0,8199449.25,14.4,47.642,1.567,38.17,-5.64,-0.666,-1.056
294,2016,NY,Total,134417107.0,2016-01-01,21387763.5,147803037.0,8199449.25,14.4,47.642,1.567,38.17,-5.64,-0.666,-1.056
295,2016,NY,Wind,3940179.0,2016-01-01,21387763.5,147803037.0,8199449.25,14.4,47.642,1.567,38.17,-5.64,-0.666,-1.056
296,2016,NY,Wood and Wood Derived Fuels,638860.0,2016-01-01,21387763.5,147803037.0,8199449.25,14.4,47.642,1.567,38.17,-5.64,-0.666,-1.056
297,2017,NY,Coal,770295.0,2017-01-01,21366152.0,144992433.0,8241302.583,14.686,46.917,0.842,47.38,3.57,0.906,0.516
298,2017,NY,Hydroelectric Conventional,30144933.0,2017-01-01,21366152.0,144992433.0,8241302.583,14.686,46.917,0.842,47.38,3.57,0.906,0.516
299,2017,NY,Natural Gas,47271757.0,2017-01-01,21366152.0,144992433.0,8241302.583,14.686,46.917,0.842,47.38,3.57,0.906,0.516
300,2017,NY,Nuclear,42167409.0,2017-01-01,21366152.0,144992433.0,8241302.583,14.686,46.917,0.842,47.38,3.57,0.906,0.516
301,2017,NY,Other,923705.0,2017-01-01,21366152.0,144992433.0,8241302.583,14.686,46.917,0.842,47.38,3.57,0.906,0.516
302,2017,NY,Other Biomass,1666051.0,2017-01-01,21366152.0,144992433.0,8241302.583,14.686,46.917,0.842,47.38,3.57,0.906,0.516
303,2017,NY,Other Gases,0.0,2017-01-01,21366152.0,144992433.0,8241302.583,14.686,46.917,0.842,47.38,3.57,0.906,0.516
304,2017,NY,Petroleum,597894.0,2017-01-01,21366152.0,144992433.0,8241302.583,14.686,46.917,0.842,47.38,3.57,0.906,0.516
305,2017,NY,Pumped Storage,-415671.0,2017-01-01,21366152.0,144992433.0,8241302.583,14.686,46.917,0.842,47.38,3.57,0.906,0.516
306,2017,NY,Solar Thermal and Photovoltaic,182803.0,2017-01-01,21366152.0,144992433.0,8241302.583,14.686,46.917,0.842,47.38,3.57,0.906,0.516
307,2017,NY,Total,128065081.0,2017-01-01,21366152.0,144992433.0,8241302.583,14.686,46.917,0.842,47.38,3.57,0.906,0.516
308,2017,NY,Wind,4135951.0,2017-01-01,21366152.0,144992433.0,8241302.583,14.686,46.917,0.842,47.38,3.57,0.906,0.516
309,2017,NY,Wood and Wood Derived Fuels,619955.0,2017-01-01,21366152.0,144992433.0,8241302.583,14.686,46.917,0.842,47.38,3.57,0.906,0.516
310,2018,NY,Coal,690386.0,2018-01-01,22233054.3,149929850.0,8304437.333,14.758,46.192,0.117,48.58,4.77,1.094,0.704
311,2018,NY,Hydroelectric Conventional,29629998.0,2018-01-01,22233054.3,149929850.0,8304437.333,14.758,46.192,0.117,48.58,4.77,1.094,0.704
312,2018,NY,Natural Gas,50810425.0,2018-01-01,22233054.3,149929850.0,8304437.333,14.758,46.192,0.117,48.58,4.77,1.094,0.704
313,2018,NY,Nuclear,42919011.0,2018-01-01,22233054.3,149929850.0,8304437.333,14.758,46.192,0.117,48.58,4.77,1.094,0.704
314,2018,NY,Other,873145.0,2018-01-01,22233054.3,149929850.0,8304437.333,14.758,46.192,0.117,48.58,4.77,1.094,0.704
315,2018,NY,Other Biomass,1615968.0,2018-01-01,22233054.3,149929850.0,8304437.333,14.758,46.192,0.117,48.58,4.77,1.094,0.704
316,2018,NY,Other Gases,0.0,2018-01-01,22233054.3,149929850.0,8304437.333,14.758,46.192,0.117,48.58,4.77,1.094,0.704
317,2018,NY,Petroleum,1590711.0,2018-01-01,22233054.3,149929850.0,8304437.333,14.758,46.192,0.117,48.58,4.77,1.094,0.704
318,2018,NY,Pumped Storage,-430718.0,2018-01-01,22233054.3,149929850.0,8304437.333,14.758,46.192,0.117,48.58,4.77,1.094,0.704
319,2018,NY,Solar Thermal and Photovoltaic,297473.0,2018-01-01,22233054.3,149929850.0,8304437.333,14.758,46.192,0.117,48.58,4.77,1.094,0.704
320,2018,NY,Total,132520502.0,2018-01-01,22233054.3,149929850.0,8304437.333,14.758,46.192,0.117,48.58,4.77,1.094,0.704
321,2018,NY,Wind,3998331.0,2018-01-01,22233054.3,149929850.0,8304437.333,14.758,46.192,0.117,48.58,4.77,1.094,0.704
322,2018,NY,Wood and Wood Derived Fuels,525770.0,2018-01-01,22233054.3,149929850.0,8304437.333,14.758,46.192,0.117,48.58,4.77,1.094,0.704
323,2019,NY,Coal,421951.0,2019-01-01,20883531.1,145600345.0,8364116.75,14.286,45.242,-0.833,48.22,4.41,1.029,0.639
324,2019,NY,Hydroelectric Conventional,30620895.0,2019-01-01,20883531.1,145600345.0,8364116.75,14.286,45.242,-0.833,48.22,4.41,1.029,0.639
325,2019,NY,Natural Gas,47612134.0,2019-01-01,20883531.1,145600345.0,8364116.75,14.286,45.242,-0.833,48.22,4.41,1.029,0.639
326,2019,NY,Nuclear,44865018.0,2019-01-01,20883531.1,145600345.0,8364116.75,14.286,45.242,-0.833,48.22,4.41,1.029,0.639
327,2019,NY,Other,959727.0,2019-01-01,20883531.1,145600345.0,8364116.75,14.286,45.242,-0.833,48.22,4.41,1.029,0.639
328,2019,NY,Other Biomass,1473750.0,2019-01-01,20883531.1,145600345.0,8364116.75,14.286,45.242,-0.833,48.22,4.41,1.029,0.639
329,2019,NY,Other Gases,1680.0,2019-01-01,20883531.1,145600345.0,8364116.75,14.286,45.242,-0.833,48.22,4.41,1.029,0.639
330,2019,NY,Petroleum,511769.0,2019-01-01,20883531.1,145600345.0,8364116.75,14.286,45.242,-0.833,48.22,4.41,1.029,0.639
331,2019,NY,Pumped Storage,-315589.0,2019-01-01,20883531.1,145600345.0,8364116.75,14.286,45.242,-0.833,48.22,4.41,1.029,0.639
332,2019,NY,Solar Thermal and Photovoltaic,523640.0,2019-01-01,20883531.1,145600345.0,8364116.75,14.286,45.242,-0.833,48.22,4.41,1.029,0.639
333,2019,NY,Total,131603290.0,2019-01-01,20883531.1,145600345.0,8364116.75,14.286,45.242,-0.833,48.22,4.41,1.029,0.639
334,2019,NY,Wind,4455880.0,2019-01-01,20883531.1,145600345.0,8364116.75,14.286,45.242,-0.833,48.22,4.41,1.029,0.639
335,2019,NY,Wood and Wood Derived Fuels,472433.0,2019-01-01,20883531.1,145600345.0,8364116.75,14.286,45.242,-0.833,48.22,4.41,1.029,0.639
336,2020,NY,Coal,143692.0,2020-01-01,20872148.2,140406632.3,8390041.333,14.805,47.817,1.742,39.28,-4.53,-0.435,-0.825
337,2020,NY,Hydroelectric Conventional,29549882.0,2020-01-01,20872148.2,140406632.3,8390041.333,14.805,47.817,1.742,39.28,-4.53,-0.435,-0.825
338,2020,NY,Natural Gas,52965593.0,2020-01-01,20872148.2,140406632.3,8390041.333,14.805,47.817,1.742,39.28,-4.53,-0.435,-0.825
339,2020,NY,Nuclear,38430076.0,2020-01-01,20872148.2,140406632.3,8390041.333,14.805,47.817,1.742,39.28,-4.53,-0.435,-0.825
340,2020,NY,Other,997138.0,2020-01-01,20872148.2,140406632.3,8390041.333,14.805,47.817,1.742,39.28,-4.53,-0.435,-0.825
341,2020,NY,Other Biomass,1496230.0,2020-01-01,20872148.2,140406632.3,8390041.333,14.805,47.817,1.742,39.28,-4.53,-0.435,-0.825
342,2020,NY,Other Gases,0.0,2020-01-01,20872148.2,140406632.3,8390041.333,14.805,47.817,1.742,39.28,-4.53,-0.435,-0.825
343,2020,NY,Petroleum,349650.0,2020-01-01,20872148.2,140406632.3,8390041.333,14.805,47.817,1.742,39.28,-4.53,-0.435,-0.825
344,2020,NY,Pumped Storage,-327948.0,2020-01-01,20872148.2,140406632.3,8390041.333,14.805,47.817,1.742,39.28,-4.53,-0.435,-0.825
345,2020,NY,Solar Thermal and Photovoltaic,839955.0,2020-01-01,20872148.2,140406632.3,8390041.333,14.805,47.817,1.742,39.28,-4.53,-0.435,-0.825
346,2020,NY,Total,129430272.0,2020-01-01,20872148.2,140406632.3,8390041.333,14.805,47.817,1.742,39.28,-4.53,-0.435,-0.825
347,2020,NY,Wind,4521727.0,2020-01-01,20872148.2,140406632.3,8390041.333,14.805,47.817,1.742,39.28,-4.53,-0.435,-0.825
348,2020,NY,Wood and Wood Derived Fuels,464274.0,2020-01-01,20872148.2,140406632.3,8390041.333,14.805,47.817,1.742,39.28,-4.53,-0.435,-0.825
349,2021,NY,Coal,0.0,2021-01-01,22974273.6,141043703.5,8437026.5,16.2,47.717,1.642,46.28,2.47,0.69,0.3
350,2021,NY,Hydroelectric Conventional,27973114.0,2021-01-01,22974273.6,141043703.5,8437026.5,16.2,47.717,1.642,46.28,2.47,0.69,0.3
351,2021,NY,Natural Gas,57055185.0,2021-01-01,22974273.6,141043703.5,8437026.5,16.2,47.717,1.642,46.28,2.47,0.69,0.3
352,2021,NY,Nuclear,31140377.0,2021-01-01,22974273.6,141043703.5,8437026.5,16.2,47.717,1.642,46.28,2.47,0.69,0.3
353,2021,NY,Other,974355.0,2021-01-01,22974273.6,141043703.5,8437026.5,16.2,47.717,1.642,46.28,2.47,0.69,0.3
354,2021,NY,Other Biomass,1462591.0,2021-01-01,22974273.6,141043703.5,8437026.5,16.2,47.717,1.642,46.28,2.47,0.69,0.3
355,2021,NY,Other Gases,0.0,2021-01-01,22974273.6,141043703.5,8437026.5,16.2,47.717,1.642,46.28,2.47,0.69,0.3
356,2021,NY,Petroleum,920735.0,2021-01-01,22974273.6,141043703.5,8437026.5,16.2,47.717,1.642,46.28,2.47,0.69,0.3
357,2021,NY,Pumped Storage,-381535.0,2021-01-01,22974273.6,141043703.5,8437026.5,16.2,47.717,1.642,46.28,2.47,0.69,0.3
358,2021,NY,Solar Thermal and Photovoltaic,1235818.0,2021-01-01,22974273.6,141043703.5,8437026.5,16.2,47.717,1.642,46.28,2.47,0.69,0.3
359,2021,NY,Total,125226023.0,2021-01-01,22974273.6,141043703.5,8437026.5,16.2,47.717,1.642,46.28,2.47,0.69,0.3
360,2021,NY,Wind,4386877.0,2021-01-01,22974273.6,141043703.5,8437026.5,16.2,47.717,1.642,46.28,2.47,0.69,0.3
361,2021,NY,Wood and Wood Derived Fuels,458506.0,2021-01-01,22974273.6,141043703.5,8437026.5,16.2,47.717,1.642,46.28,2.47,0.69,0.3
