,Year,STATE,ENERGY SOURCE,GENERATION (MWh),Date,TOTAL_rev,TOTAL_sales,TOTAL_cust,TOTAL_price,Temperature,Delta from Mean Temp,Percipitation (in),Delta from Mean Pcp,Z-index Drought,Delta from Mean Z
0,1990,SD,Coal,2472513.996,1990-01-01,388071.0,6333893.0,0.0,6.131,46.925,1.167,17.31,-3.7,-0.759,-1.584
1,1990,SD,Hydroelectric Conventional,3934401.996,1990-01-01,388071.0,6333893.0,0.0,6.131,46.925,1.167,17.31,-3.7,-0.759,-1.584
2,1990,SD,Natural Gas,12408.0,1990-01-01,388071.0,6333893.0,0.0,6.131,46.925,1.167,17.31,-3.7,-0.759,-1.584
3,1990,SD,Petroleum,8148.996,1990-01-01,388071.0,6333893.0,0.0,6.131,46.925,1.167,17.31,-3.7,-0.759,-1.584
4,1990,SD,Total,6427473.0,1990-01-01,388071.0,6333893.0,0.0,6.131,46.925,1.167,17.31,-3.7,-0.759,-1.584
5,1991,SD,Coal,2727087.0,1991-01-01,409650.0,6685142.0,0.0,6.135,46.767,1.008,21.24,0.23,0.152,-0.672
6,1991,SD,Hydroelectric Conventional,3828116.004,1991-01-01,409650.0,6685142.0,0.0,6.135,46.767,1.008,21.24,0.23,0.152,-0.672
7,1991,SD,Natural Gas,9036.0,1991-01-01,409650.0,6685142.0,0.0,6.135,46.767,1.008,21.24,0.23,0.152,-0.672
8,1991,SD,Petroleum,8427.0,1991-01-01,409650.0,6685142.0,0.0,6.135,46.767,1.008,21.24,0.23,0.152,-0.672
9,1991,SD,Total,6572666.004,1991-01-01,409650.0,6685142.0,0.0,6.135,46.767,1.008,21.24,0.23,0.152,-0.672
10,1992,SD,Coal,2626290.0,1992-01-01,403640.0,6493845.0,0.0,6.23,45.6,-0.158,19.83,-1.18,0.28,-0.545
11,1992,SD,Hydroelectric Conventional,3612009.996,1992-01-01,403640.0,6493845.0,0.0,6.23,45.6,-0.158,19.83,-1.18,0.28,-0.545
12,1992,SD,Natural Gas,642.0,1992-01-01,403640.0,6493845.0,0.0,6.23,45.6,-0.158,19.83,-1.18,0.28,-0.545
13,1992,SD,Petroleum,7472.004,1992-01-01,403640.0,6493845.0,0.0,6.23,45.6,-0.158,19.83,-1.18,0.28,-0.545
14,1992,SD,Total,6246414.0,1992-01-01,403640.0,6493845.0,0.0,6.23,45.6,-0.158,19.83,-1.18,0.28,-0.545
15,1993,SD,Coal,2641581.996,1993-01-01,428075.0,6904707.0,0.0,6.217,42.3,-3.458,25.43,4.42,2.482,1.657
16,1993,SD,Hydroelectric Conventional,2591115.0,1993-01-01,428075.0,6904707.0,0.0,6.217,42.3,-3.458,25.43,4.42,2.482,1.657
17,1993,SD,Natural Gas,10527.0,1993-01-01,428075.0,6904707.0,0.0,6.217,42.3,-3.458,25.43,4.42,2.482,1.657
18,1993,SD,Petroleum,12287.004,1993-01-01,428075.0,6904707.0,0.0,6.217,42.3,-3.458,25.43,4.42,2.482,1.657
19,1993,SD,Total,5255511.0,1993-01-01,428075.0,6904707.0,0.0,6.217,42.3,-3.458,25.43,4.42,2.482,1.657
20,1994,SD,Coal,2833332.0,1994-01-01,444235.0,7174053.0,0.0,6.203,44.858,-0.9,18.9,-2.11,0.899,0.074
21,1994,SD,Hydroelectric Conventional,5128760.004,1994-01-01,444235.0,7174053.0,0.0,6.203,44.858,-0.9,18.9,-2.11,0.899,0.074
22,1994,SD,Natural Gas,8436.996,1994-01-01,444235.0,7174053.0,0.0,6.203,44.858,-0.9,18.9,-2.11,0.899,0.074
23,1994,SD,Petroleum,20730.996,1994-01-01,444235.0,7174053.0,0.0,6.203,44.858,-0.9,18.9,-2.11,0.899,0.074
24,1994,SD,Total,7991259.996,1994-01-01,444235.0,7174053.0,0.0,6.203,44.858,-0.9,18.9,-2.11,0.899,0.074
25,1995,SD,Coal,2721294.996,1995-01-01,459785.0,7413541.0,0.0,6.204,44.7,-1.058,25.47,4.46,2.274,1.449
26,1995,SD,Hydroelectric Conventional,6009870.996,1995-01-01,459785.0,7413541.0,0.0,6.204,44.7,-1.058,25.47,4.46,2.274,1.449
27,1995,SD,Natural Gas,63138.996,1995-01-01,459785.0,7413541.0,0.0,6.204,44.7,-1.058,25.47,4.46,2.274,1.449
28,1995,SD,Petroleum,17487.996,1995-01-01,459785.0,7413541.0,0.0,6.204,44.7,-1.058,25.47,4.46,2.274,1.449
29,1995,SD,Total,8811792.996,1995-01-01,459785.0,7413541.0,0.0,6.204,44.7,-1.058,25.47,4.46,2.274,1.449
30,1996,SD,Coal,2029901.004,1996-01-01,478371.0,7736160.0,0.0,6.192,41.633,-4.125,22.91,1.9,1.975,1.15
31,1996,SD,Hydroelectric Conventional,7977669.996,1996-01-01,478371.0,7736160.0,0.0,6.192,41.633,-4.125,22.91,1.9,1.975,1.15
32,1996,SD,Natural Gas,49728.0,1996-01-01,478371.0,7736160.0,0.0,6.192,41.633,-4.125,22.91,1.9,1.975,1.15
33,1996,SD,Petroleum,8975.004,1996-01-01,478371.0,7736160.0,0.0,6.192,41.633,-4.125,22.91,1.9,1.975,1.15
34,1996,SD,Total,10066274.004,1996-01-01,478371.0,7736160.0,0.0,6.192,41.633,-4.125,22.91,1.9,1.975,1.15
35,1997,SD,Coal,3314067.996,1997-01-01,483377.0,7772550.0,0.0,6.225,44.792,-0.967,21.12,0.11,1.828,1.003
36,1997,SD,Hydroelectric Conventional,9012260.004,1997-01-01,483377.0,7772550.0,0.0,6.225,44.792,-0.967,21.12,0.11,1.828,1.003
37,1997,SD,Natural Gas,116637.0,1997-01-01,483377.0,7772550.0,0.0,6.225,44.792,-0.967,21.12,0.11,1.828,1.003
38,1997,SD,Petroleum,6536.004,1997-01-01,483377.0,7772550.0,0.0,6.225,44.792,-0.967,21.12,0.11,1.828,1.003
39,1997,SD,Total,12449501.004,1997-01-01,483377.0,7772550.0,0.0,6.225,44.792,-0.967,21.12,0.11,1.828,1.003
40,1998,SD,Coal,3094113.0,1998-01-01,489395.0,7824030.0,0.0,6.258,47.4,1.642,24.87,3.86,1.718,0.893
41,1998,SD,Hydroelectric Conventional,5757600.0,1998-01-01,489395.0,7824030.0,0.0,6.258,47.4,1.642,24.87,3.86,1.718,0.893
42,1998,SD,Natural Gas,210726.0,1998-01-01,489395.0,7824030.0,0.0,6.258,47.4,1.642,24.87,3.86,1.718,0.893
43,1998,SD,Petroleum,26550.996,1998-01-01,489395.0,7824030.0,0.0,6.258,47.4,1.642,24.87,3.86,1.718,0.893
44,1998,SD,Total,9088989.996,1998-01-01,489395.0,7824030.0,0.0,6.258,47.4,1.642,24.87,3.86,1.718,0.893
45,1999,SD,Coal,3674400.0,1999-01-01,503006.0,7922356.0,0.0,6.349,47.808,2.05,21.61,0.6,1.528,0.703
46,1999,SD,Hydroelectric Conventional,6677303.004,1999-01-01,503006.0,7922356.0,0.0,6.349,47.808,2.05,21.61,0.6,1.528,0.703
47,1999,SD,Natural Gas,181205.004,1999-01-01,503006.0,7922356.0,0.0,6.349,47.808,2.05,21.61,0.6,1.528,0.703
48,1999,SD,Petroleum,24119.004,1999-01-01,503006.0,7922356.0,0.0,6.349,47.808,2.05,21.61,0.6,1.528,0.703
49,1999,SD,Total,10557027.0,1999-01-01,503006.0,7922356.0,0.0,6.349,47.808,2.05,21.61,0.6,1.528,0.703
50,2000,SD,Coal,3670575.996,2000-01-01,523467.0,8282739.0,0.0,6.323,45.958,0.2,19.12,-1.89,0.248,-0.577
51,2000,SD,Hydroelectric Conventional,5715507.996,2000-01-01,523467.0,8282739.0,0.0,6.323,45.958,0.2,19.12,-1.89,0.248,-0.577
52,2000,SD,Natural Gas,259038.996,2000-01-01,523467.0,8282739.0,0.0,6.323,45.958,0.2,19.12,-1.89,0.248,-0.577
53,2000,SD,Petroleum,52214.004,2000-01-01,523467.0,8282739.0,0.0,6.323,45.958,0.2,19.12,-1.89,0.248,-0.577
54,2000,SD,Total,9697337.004,2000-01-01,523467.0,8282739.0,0.0,6.323,45.958,0.2,19.12,-1.89,0.248,-0.577
55,2001,SD,Coal,3611680.0,2001-01-01,547999.0,8626997.0,0.0,6.348,46.492,0.733,20.18,-0.83,0.678,-0.147
56,2001,SD,Hydroelectric Conventional,3431865.0,2001-01-01,547999.0,8626997.0,0.0,6.348,46.492,0.733,20.18,-0.83,0.678,-0.147
57,2001,SD,Natural Gas,304801.0,2001-01-01,547999.0,8626997.0,0.0,6.348,46.492,0.733,20.18,-0.83,0.678,-0.147
58,2001,SD,Petroleum,51526.0,2001-01-01,547999.0,8626997.0,0.0,6.348,46.492,0.733,20.18,-0.83,0.678,-0.147
59,2001,SD,Total,7400743.0,2001-01-01,547999.0,8626997.0,0.0,6.348,46.492,0.733,20.18,-0.83,0.678,-0.147
60,2001,SD,Wind,871.0,2001-01-01,547999.0,8626997.0,0.0,6.348,46.492,0.733,20.18,-0.83,0.678,-0.147
61,2002,SD,Coal,3271523.0,2002-01-01,559852.0,8936801.0,0.0,6.252,46.242,0.483,14.3,-6.71,-1.207,-2.032
62,2002,SD,Hydroelectric Conventional,4353653.0,2002-01-01,559852.0,8936801.0,0.0,6.252,46.242,0.483,14.3,-6.71,-1.207,-2.032
63,2002,SD,Natural Gas,85778.0,2002-01-01,559852.0,8936801.0,0.0,6.252,46.242,0.483,14.3,-6.71,-1.207,-2.032
64,2002,SD,Petroleum,4961.0,2002-01-01,559852.0,8936801.0,0.0,6.252,46.242,0.483,14.3,-6.71,-1.207,-2.032
65,2002,SD,Total,7721958.0,2002-01-01,559852.0,8936801.0,0.0,6.252,46.242,0.483,14.3,-6.71,-1.207,-2.032
66,2002,SD,Wind,6043.0,2002-01-01,559852.0,8936801.0,0.0,6.252,46.242,0.483,14.3,-6.71,-1.207,-2.032
67,2003,SD,Coal,3431203.0,2003-01-01,576993.0,9079990.0,0.0,6.351,46.058,0.3,17.13,-3.88,-0.647,-1.472
68,2003,SD,Hydroelectric Conventional,4276303.0,2003-01-01,576993.0,9079990.0,0.0,6.351,46.058,0.3,17.13,-3.88,-0.647,-1.472
69,2003,SD,Natural Gas,176024.0,2003-01-01,576993.0,9079990.0,0.0,6.351,46.058,0.3,17.13,-3.88,-0.647,-1.472
70,2003,SD,Petroleum,16058.0,2003-01-01,576993.0,9079990.0,0.0,6.351,46.058,0.3,17.13,-3.88,-0.647,-1.472
71,2003,SD,Total,7943837.0,2003-01-01,576993.0,9079990.0,0.0,6.351,46.058,0.3,17.13,-3.88,-0.647,-1.472
72,2003,SD,Wind,44249.0,2003-01-01,576993.0,9079990.0,0.0,6.351,46.058,0.3,17.13,-3.88,-0.647,-1.472
73,2004,SD,Coal,3620001.0,2004-01-01,593669.0,9213843.0,0.0,6.449,46.3,0.542,20.79,-0.22,0.026,-0.799
74,2004,SD,Hydroelectric Conventional,3597509.0,2004-01-01,593669.0,9213843.0,0.0,6.449,46.3,0.542,20.79,-0.22,0.026,-0.799
75,2004,SD,Natural Gas,112256.0,2004-01-01,593669.0,9213843.0,0.0,6.449,46.3,0.542,20.79,-0.22,0.026,-0.799
76,2004,SD,Other,0.0,2004-01-01,593669.0,9213843.0,0.0,6.449,46.3,0.542,20.79,-0.22,0.026,-0.799
77,2004,SD,Petroleum,22772.0,2004-01-01,593669.0,9213843.0,0.0,6.449,46.3,0.542,20.79,-0.22,0.026,-0.799
78,2004,SD,Total,7510214.0,2004-01-01,593669.0,9213843.0,0.0,6.449,46.3,0.542,20.79,-0.22,0.026,-0.799
79,2004,SD,Wind,157678.0,2004-01-01,593669.0,9213843.0,0.0,6.449,46.3,0.542,20.79,-0.22,0.026,-0.799
80,2005,SD,Coal,2996347.0,2005-01-01,647789.0,9811017.0,0.0,6.601,47.342,1.583,20.7,-0.31,0.165,-0.66
81,2005,SD,Hydroelectric Conventional,3074566.0,2005-01-01,647789.0,9811017.0,0.0,6.601,47.342,1.583,20.7,-0.31,0.165,-0.66
82,2005,SD,Natural Gas,270948.0,2005-01-01,647789.0,9811017.0,0.0,6.601,47.342,1.583,20.7,-0.31,0.165,-0.66
83,2005,SD,Other,21.0,2005-01-01,647789.0,9811017.0,0.0,6.601,47.342,1.583,20.7,-0.31,0.165,-0.66
84,2005,SD,Petroleum,20785.0,2005-01-01,647789.0,9811017.0,0.0,6.601,47.342,1.583,20.7,-0.31,0.165,-0.66
85,2005,SD,Total,6520768.0,2005-01-01,647789.0,9811017.0,0.0,6.601,47.342,1.583,20.7,-0.31,0.165,-0.66
86,2005,SD,Wind,158104.0,2005-01-01,647789.0,9811017.0,0.0,6.601,47.342,1.583,20.7,-0.31,0.165,-0.66
87,2006,SD,Coal,3315910.0,2006-01-01,673904.0,10056389.0,0.0,6.702,48.142,2.383,15.93,-5.08,-0.784,-1.609
88,2006,SD,Hydroelectric Conventional,3396833.0,2006-01-01,673904.0,10056389.0,0.0,6.702,48.142,2.383,15.93,-5.08,-0.784,-1.609
89,2006,SD,Natural Gas,265817.0,2006-01-01,673904.0,10056389.0,0.0,6.702,48.142,2.383,15.93,-5.08,-0.784,-1.609
90,2006,SD,Other,57.0,2006-01-01,673904.0,10056389.0,0.0,6.702,48.142,2.383,15.93,-5.08,-0.784,-1.609
91,2006,SD,Petroleum,4660.0,2006-01-01,673904.0,10056389.0,0.0,6.702,48.142,2.383,15.93,-5.08,-0.784,-1.609
92,2006,SD,Total,7132243.0,2006-01-01,673904.0,10056389.0,0.0,6.702,48.142,2.383,15.93,-5.08,-0.784,-1.609
93,2006,SD,Wind,148965.0,2006-01-01,673904.0,10056389.0,0.0,6.702,48.142,2.383,15.93,-5.08,-0.784,-1.609
94,2007,SD,Coal,2655333.0,2007-01-01,730395.0,10603300.0,323041.667,6.89,46.8,1.042,22.94,1.93,0.515,-0.31
95,2007,SD,Hydroelectric Conventional,2917283.0,2007-01-01,730395.0,10603300.0,323041.667,6.89,46.8,1.042,22.94,1.93,0.515,-0.31
96,2007,SD,Natural Gas,351041.0,2007-01-01,730395.0,10603300.0,323041.667,6.89,46.8,1.042,22.94,1.93,0.515,-0.31
97,2007,SD,Other,28.0,2007-01-01,730395.0,10603300.0,323041.667,6.89,46.8,1.042,22.94,1.93,0.515,-0.31
98,2007,SD,Petroleum,62901.0,2007-01-01,730395.0,10603300.0,323041.667,6.89,46.8,1.042,22.94,1.93,0.515,-0.31
99,2007,SD,Total,6136605.0,2007-01-01,730395.0,10603300.0,323041.667,6.89,46.8,1.042,22.94,1.93,0.515,-0.31
100,2007,SD,Wind,150018.0,2007-01-01,730395.0,10603300.0,323041.667,6.89,46.8,1.042,22.94,1.93,0.515,-0.31
101,2008,SD,Coal,3660481.0,2008-01-01,783512.0,10974084.0,431509.417,7.154,43.842,-1.917,23.68,2.67,1.543,0.718
102,2008,SD,Hydroelectric Conventional,2993107.0,2008-01-01,783512.0,10974084.0,431509.417,7.154,43.842,-1.917,23.68,2.67,1.543,0.718
103,2008,SD,Natural Gas,228571.0,2008-01-01,783512.0,10974084.0,431509.417,7.154,43.842,-1.917,23.68,2.67,1.543,0.718
104,2008,SD,Other,30538.0,2008-01-01,783512.0,10974084.0,431509.417,7.154,43.842,-1.917,23.68,2.67,1.543,0.718
105,2008,SD,Other Biomass,1664.0,2008-01-01,783512.0,10974084.0,431509.417,7.154,43.842,-1.917,23.68,2.67,1.543,0.718
106,2008,SD,Petroleum,23174.0,2008-01-01,783512.0,10974084.0,431509.417,7.154,43.842,-1.917,23.68,2.67,1.543,0.718
107,2008,SD,Total,7082673.0,2008-01-01,783512.0,10974084.0,431509.417,7.154,43.842,-1.917,23.68,2.67,1.543,0.718
108,2008,SD,Wind,145136.0,2008-01-01,783512.0,10974084.0,431509.417,7.154,43.842,-1.917,23.68,2.67,1.543,0.718
109,2009,SD,Coal,3217354.0,2009-01-01,813190.0,11010119.0,436222.833,7.402,43.558,-2.2,22.59,1.58,2.217,1.392
110,2009,SD,Hydroelectric Conventional,4432451.0,2009-01-01,813190.0,11010119.0,436222.833,7.402,43.558,-2.2,22.59,1.58,2.217,1.392
111,2009,SD,Natural Gas,80334.0,2009-01-01,813190.0,11010119.0,436222.833,7.402,43.558,-2.2,22.59,1.58,2.217,1.392
112,2009,SD,Other,31318.0,2009-01-01,813190.0,11010119.0,436222.833,7.402,43.558,-2.2,22.59,1.58,2.217,1.392
113,2009,SD,Other Biomass,5776.0,2009-01-01,813190.0,11010119.0,436222.833,7.402,43.558,-2.2,22.59,1.58,2.217,1.392
114,2009,SD,Petroleum,8321.0,2009-01-01,813190.0,11010119.0,436222.833,7.402,43.558,-2.2,22.59,1.58,2.217,1.392
115,2009,SD,Total,8196531.0,2009-01-01,813190.0,11010119.0,436222.833,7.402,43.558,-2.2,22.59,1.58,2.217,1.392
116,2009,SD,Wind,420981.0,2009-01-01,813190.0,11010119.0,436222.833,7.402,43.558,-2.2,22.59,1.58,2.217,1.392
117,2010,SD,Coal,3298254.0,2010-01-01,888325.0,11356150.0,440130.25,7.842,45.133,-0.625,24.68,3.67,2.369,1.544
118,2010,SD,Hydroelectric Conventional,5238801.0,2010-01-01,888325.0,11356150.0,440130.25,7.842,45.133,-0.625,24.68,3.67,2.369,1.544
119,2010,SD,Natural Gas,134706.0,2010-01-01,888325.0,11356150.0,440130.25,7.842,45.133,-0.625,24.68,3.67,2.369,1.544
120,2010,SD,Other,0.0,2010-01-01,888325.0,11356150.0,440130.25,7.842,45.133,-0.625,24.68,3.67,2.369,1.544
121,2010,SD,Other Biomass,0.0,2010-01-01,888325.0,11356150.0,440130.25,7.842,45.133,-0.625,24.68,3.67,2.369,1.544
122,2010,SD,Petroleum,6124.0,2010-01-01,888325.0,11356150.0,440130.25,7.842,45.133,-0.625,24.68,3.67,2.369,1.544
123,2010,SD,Total,10049637.0,2010-01-01,888325.0,11356150.0,440130.25,7.842,45.133,-0.625,24.68,3.67,2.369,1.544
124,2010,SD,Wind,1371751.0,2010-01-01,888325.0,11356150.0,440130.25,7.842,45.133,-0.625,24.68,3.67,2.369,1.544
125,2011,SD,Coal,2585565.06,2011-01-01,939841.0,11679599.0,445929.583,8.059,44.775,-0.983,22.13,1.12,1.742,0.918
126,2011,SD,Hydroelectric Conventional,6608164.0,2011-01-01,939841.0,11679599.0,445929.583,8.059,44.775,-0.983,22.13,1.12,1.742,0.918
127,2011,SD,Natural Gas,129313.25,2011-01-01,939841.0,11679599.0,445929.583,8.059,44.775,-0.983,22.13,1.12,1.742,0.918
128,2011,SD,Petroleum,7543.21,2011-01-01,939841.0,11679599.0,445929.583,8.059,44.775,-0.983,22.13,1.12,1.742,0.918
129,2011,SD,Total,11998885.5,2011-01-01,939841.0,11679599.0,445929.583,8.059,44.775,-0.983,22.13,1.12,1.742,0.918
130,2011,SD,Wind,2668300.0,2011-01-01,939841.0,11679599.0,445929.583,8.059,44.775,-0.983,22.13,1.12,1.742,0.918
131,2012,SD,Coal,2918755.98,2012-01-01,996281.0,11734210.0,450394.417,8.491,49.267,3.508,14.58,-6.43,-1.616,-2.441
132,2012,SD,Hydroelectric Conventional,5980965.0,2012-01-01,996281.0,11734210.0,450394.417,8.491,49.267,3.508,14.58,-6.43,-1.616,-2.441
133,2012,SD,Natural Gas,214100.74,2012-01-01,996281.0,11734210.0,450394.417,8.491,49.267,3.508,14.58,-6.43,-1.616,-2.441
134,2012,SD,Other,0.0,2012-01-01,996281.0,11734210.0,450394.417,8.491,49.267,3.508,14.58,-6.43,-1.616,-2.441
135,2012,SD,Other Biomass,0.0,2012-01-01,996281.0,11734210.0,450394.417,8.491,49.267,3.508,14.58,-6.43,-1.616,-2.441
136,2012,SD,Petroleum,5718.3,2012-01-01,996281.0,11734210.0,450394.417,8.491,49.267,3.508,14.58,-6.43,-1.616,-2.441
137,2012,SD,Total,12034206.0,2012-01-01,996281.0,11734210.0,450394.417,8.491,49.267,3.508,14.58,-6.43,-1.616,-2.441
138,2012,SD,Wind,2914666.0,2012-01-01,996281.0,11734210.0,450394.417,8.491,49.267,3.508,14.58,-6.43,-1.616,-2.441
139,2013,SD,Coal,2849383.44,2013-01-01,1081438.8,12209798.94,454045.5,8.868,44.042,-1.717,24.94,3.93,1.598,0.772
140,2013,SD,Hydroelectric Conventional,4062609.0,2013-01-01,1081438.8,12209798.94,454045.5,8.868,44.042,-1.717,24.94,3.93,1.598,0.772
141,2013,SD,Natural Gas,502200.97,2013-01-01,1081438.8,12209798.94,454045.5,8.868,44.042,-1.717,24.94,3.93,1.598,0.772
142,2013,SD,Other,0.0,2013-01-01,1081438.8,12209798.94,454045.5,8.868,44.042,-1.717,24.94,3.93,1.598,0.772
143,2013,SD,Other Biomass,0.0,2013-01-01,1081438.8,12209798.94,454045.5,8.868,44.042,-1.717,24.94,3.93,1.598,0.772
144,2013,SD,Petroleum,6994.09,2013-01-01,1081438.8,12209798.94,454045.5,8.868,44.042,-1.717,24.94,3.93,1.598,0.772
145,2013,SD,Total,10108886.49,2013-01-01,1081438.8,12209798.94,454045.5,8.868,44.042,-1.717,24.94,3.93,1.598,0.772
146,2013,SD,Wind,2687699.02,2013-01-01,1081438.8,12209798.94,454045.5,8.868,44.042,-1.717,24.94,3.93,1.598,0.772
147,2014,SD,Coal,2689413.73,2014-01-01,1118179.71,12354726.01,458240.167,9.07,43.683,-2.075,20.19,-0.82,1.543,0.718
148,2014,SD,Hydroelectric Conventional,5499656.41,2014-01-01,1118179.71,12354726.01,458240.167,9.07,43.683,-2.075,20.19,-0.82,1.543,0.718
149,2014,SD,Natural Gas,416768.13,2014-01-01,1118179.71,12354726.01,458240.167,9.07,43.683,-2.075,20.19,-0.82,1.543,0.718
150,2014,SD,Other,0.0,2014-01-01,1118179.71,12354726.01,458240.167,9.07,43.683,-2.075,20.19,-0.82,1.543,0.718
151,2014,SD,Other Biomass,0.0,2014-01-01,1118179.71,12354726.01,458240.167,9.07,43.683,-2.075,20.19,-0.82,1.543,0.718
152,2014,SD,Petroleum,8070.4,2014-01-01,1118179.71,12354726.01,458240.167,9.07,43.683,-2.075,20.19,-0.82,1.543,0.718
153,2014,SD,Total,11530226.99,2014-01-01,1118179.71,12354726.01,458240.167,9.07,43.683,-2.075,20.19,-0.82,1.543,0.718
154,2014,SD,Wind,2916318.33,2014-01-01,1118179.71,12354726.01,458240.167,9.07,43.683,-2.075,20.19,-0.82,1.543,0.718
155,2015,SD,Coal,1495080.0,2015-01-01,1146219.5,12101979.09,461992.5,9.475,47.533,1.775,22.78,1.77,0.924,0.099
156,2015,SD,Hydroelectric Conventional,4850486.0,2015-01-01,1146219.5,12101979.09,461992.5,9.475,47.533,1.775,22.78,1.77,0.924,0.099
157,2015,SD,Natural Gas,772755.0,2015-01-01,1146219.5,12101979.09,461992.5,9.475,47.533,1.775,22.78,1.77,0.924,0.099
158,2015,SD,Other,0.0,2015-01-01,1146219.5,12101979.09,461992.5,9.475,47.533,1.775,22.78,1.77,0.924,0.099
159,2015,SD,Other Biomass,0.0,2015-01-01,1146219.5,12101979.09,461992.5,9.475,47.533,1.775,22.78,1.77,0.924,0.099
160,2015,SD,Petroleum,17204.0,2015-01-01,1146219.5,12101979.09,461992.5,9.475,47.533,1.775,22.78,1.77,0.924,0.099
161,2015,SD,Total,9633033.0,2015-01-01,1146219.5,12101979.09,461992.5,9.475,47.533,1.775,22.78,1.77,0.924,0.099
162,2015,SD,Wind,2497514.0,2015-01-01,1146219.5,12101979.09,461992.5,9.475,47.533,1.775,22.78,1.77,0.924,0.099
163,2016,SD,Coal,2082680.0,2016-01-01,1192775.8,12129530.04,466783.583,9.843,48.35,2.592,20.68,-0.33,0.404,-0.421
164,2016,SD,Hydroelectric Conventional,4805525.0,2016-01-01,1192775.8,12129530.04,466783.583,9.843,48.35,2.592,20.68,-0.33,0.404,-0.421
165,2016,SD,Natural Gas,918562.0,2016-01-01,1192775.8,12129530.04,466783.583,9.843,48.35,2.592,20.68,-0.33,0.404,-0.421
166,2016,SD,Other,0.0,2016-01-01,1192775.8,12129530.04,466783.583,9.843,48.35,2.592,20.68,-0.33,0.404,-0.421
167,2016,SD,Other Biomass,0.0,2016-01-01,1192775.8,12129530.04,466783.583,9.843,48.35,2.592,20.68,-0.33,0.404,-0.421
168,2016,SD,Petroleum,2793.0,2016-01-01,1192775.8,12129530.04,466783.583,9.843,48.35,2.592,20.68,-0.33,0.404,-0.421
169,2016,SD,Solar Thermal and Photovoltaic,365.0,2016-01-01,1192775.8,12129530.04,466783.583,9.843,48.35,2.592,20.68,-0.33,0.404,-0.421
170,2016,SD,Total,11524182.0,2016-01-01,1192775.8,12129530.04,466783.583,9.843,48.35,2.592,20.68,-0.33,0.404,-0.421
171,2016,SD,Wind,3714259.0,2016-01-01,1192775.8,12129530.04,466783.583,9.843,48.35,2.592,20.68,-0.33,0.404,-0.421
172,2017,SD,Coal,2062462.0,2017-01-01,1237570.12,12313675.04,471713.5,10.065,46.767,1.008,17.63,-3.38,-0.398,-1.223
173,2017,SD,Hydroelectric Conventional,5255521.0,2017-01-01,1237570.12,12313675.04,471713.5,10.065,46.767,1.008,17.63,-3.38,-0.398,-1.223
174,2017,SD,Natural Gas,654348.0,2017-01-01,1237570.12,12313675.04,471713.5,10.065,46.767,1.008,17.63,-3.38,-0.398,-1.223
175,2017,SD,Other Biomass,0.0,2017-01-01,1237570.12,12313675.04,471713.5,10.065,46.767,1.008,17.63,-3.38,-0.398,-1.223
176,2017,SD,Petroleum,3029.0,2017-01-01,1237570.12,12313675.04,471713.5,10.065,46.767,1.008,17.63,-3.38,-0.398,-1.223
177,2017,SD,Solar Thermal and Photovoltaic,2055.0,2017-01-01,1237570.12,12313675.04,471713.5,10.065,46.767,1.008,17.63,-3.38,-0.398,-1.223
178,2017,SD,Total,10935718.0,2017-01-01,1237570.12,12313675.04,471713.5,10.065,46.767,1.008,17.63,-3.38,-0.398,-1.223
179,2017,SD,Wind,2958300.0,2017-01-01,1237570.12,12313675.04,471713.5,10.065,46.767,1.008,17.63,-3.38,-0.398,-1.223
180,2018,SD,Coal,2339336.0,2018-01-01,1282367.89,12865644.94,476248.083,9.974,44.133,-1.625,23.25,2.24,1.021,0.196
181,2018,SD,Hydroelectric Conventional,6266270.0,2018-01-01,1282367.89,12865644.94,476248.083,9.974,44.133,-1.625,23.25,2.24,1.021,0.196
182,2018,SD,Natural Gas,1167718.0,2018-01-01,1282367.89,12865644.94,476248.083,9.974,44.133,-1.625,23.25,2.24,1.021,0.196
183,2018,SD,Other,0.0,2018-01-01,1282367.89,12865644.94,476248.083,9.974,44.133,-1.625,23.25,2.24,1.021,0.196
184,2018,SD,Other Biomass,0.0,2018-01-01,1282367.89,12865644.94,476248.083,9.974,44.133,-1.625,23.25,2.24,1.021,0.196
185,2018,SD,Petroleum,6396.0,2018-01-01,1282367.89,12865644.94,476248.083,9.974,44.133,-1.625,23.25,2.24,1.021,0.196
186,2018,SD,Solar Thermal and Photovoltaic,1672.0,2018-01-01,1282367.89,12865644.94,476248.083,9.974,44.133,-1.625,23.25,2.24,1.021,0.196
187,2018,SD,Total,12616396.0,2018-01-01,1282367.89,12865644.94,476248.083,9.974,44.133,-1.625,23.25,2.24,1.021,0.196
188,2018,SD,Wind,2835002.0,2018-01-01,1282367.89,12865644.94,476248.083,9.974,44.133,-1.625,23.25,2.24,1.021,0.196
189,2019,SD,Coal,2617073.0,2019-01-01,1281412.31,12868931.18,481346.917,9.977,42.342,-3.417,31.4,10.39,3.874,3.049
190,2019,SD,Hydroelectric Conventional,7915155.0,2019-01-01,1281412.31,12868931.18,481346.917,9.977,42.342,-3.417,31.4,10.39,3.874,3.049
191,2019,SD,Natural Gas,1169625.0,2019-01-01,1281412.31,12868931.18,481346.917,9.977,42.342,-3.417,31.4,10.39,3.874,3.049
192,2019,SD,Other,0.0,2019-01-01,1281412.31,12868931.18,481346.917,9.977,42.342,-3.417,31.4,10.39,3.874,3.049
193,2019,SD,Other Biomass,0.0,2019-01-01,1281412.31,12868931.18,481346.917,9.977,42.342,-3.417,31.4,10.39,3.874,3.049
194,2019,SD,Petroleum,13637.0,2019-01-01,1281412.31,12868931.18,481346.917,9.977,42.342,-3.417,31.4,10.39,3.874,3.049
195,2019,SD,Solar Thermal and Photovoltaic,1828.0,2019-01-01,1281412.31,12868931.18,481346.917,9.977,42.342,-3.417,31.4,10.39,3.874,3.049
196,2019,SD,Total,14506647.0,2019-01-01,1281412.31,12868931.18,481346.917,9.977,42.342,-3.417,31.4,10.39,3.874,3.049
197,2019,SD,Wind,2789330.0,2019-01-01,1281412.31,12868931.18,481346.917,9.977,42.342,-3.417,31.4,10.39,3.874,3.049
198,2019,SD,Wood and Wood Derived Fuels,0.0,2019-01-01,1281412.31,12868931.18,481346.917,9.977,42.342,-3.417,31.4,10.39,3.874,3.049
199,2020,SD,Coal,1648224.0,2020-01-01,1276994.03,12695845.24,485868.0,10.064,46.758,1.0,16.17,-4.84,0.588,-0.238
200,2020,SD,Hydroelectric Conventional,5830611.0,2020-01-01,1276994.03,12695845.24,485868.0,10.064,46.758,1.0,16.17,-4.84,0.588,-0.238
201,2020,SD,Natural Gas,1102465.0,2020-01-01,1276994.03,12695845.24,485868.0,10.064,46.758,1.0,16.17,-4.84,0.588,-0.238
202,2020,SD,Other,0.0,2020-01-01,1276994.03,12695845.24,485868.0,10.064,46.758,1.0,16.17,-4.84,0.588,-0.238
203,2020,SD,Other Biomass,1219.0,2020-01-01,1276994.03,12695845.24,485868.0,10.064,46.758,1.0,16.17,-4.84,0.588,-0.238
204,2020,SD,Petroleum,7395.0,2020-01-01,1276994.03,12695845.24,485868.0,10.064,46.758,1.0,16.17,-4.84,0.588,-0.238
205,2020,SD,Solar Thermal and Photovoltaic,2049.0,2020-01-01,1276994.03,12695845.24,485868.0,10.064,46.758,1.0,16.17,-4.84,0.588,-0.238
206,2020,SD,Total,14146539.0,2020-01-01,1276994.03,12695845.24,485868.0,10.064,46.758,1.0,16.17,-4.84,0.588,-0.238
207,2020,SD,Wind,5544168.0,2020-01-01,1276994.03,12695845.24,485868.0,10.064,46.758,1.0,16.17,-4.84,0.588,-0.238
208,2020,SD,Wood and Wood Derived Fuels,10407.0,2020-01-01,1276994.03,12695845.24,485868.0,10.064,46.758,1.0,16.17,-4.84,0.588,-0.238
209,2021,SD,Coal,1638389.0,2021-01-01,1363726.85,13027637.11,492863.333,10.459,48.017,2.258,18.17,-2.84,-0.714,-1.539
210,2021,SD,Hydroelectric Conventional,5295201.0,2021-01-01,1363726.85,13027637.11,492863.333,10.459,48.017,2.258,18.17,-2.84,-0.714,-1.539
211,2021,SD,Natural Gas,1547930.0,2021-01-01,1363726.85,13027637.11,492863.333,10.459,48.017,2.258,18.17,-2.84,-0.714,-1.539
212,2021,SD,Other,0.0,2021-01-01,1363726.85,13027637.11,492863.333,10.459,48.017,2.258,18.17,-2.84,-0.714,-1.539
213,2021,SD,Other Biomass,1192.0,2021-01-01,1363726.85,13027637.11,492863.333,10.459,48.017,2.258,18.17,-2.84,-0.714,-1.539
214,2021,SD,Petroleum,16828.0,2021-01-01,1363726.85,13027637.11,492863.333,10.459,48.017,2.258,18.17,-2.84,-0.714,-1.539
215,2021,SD,Solar Thermal and Photovoltaic,2046.0,2021-01-01,1363726.85,13027637.11,492863.333,10.459,48.017,2.258,18.17,-2.84,-0.714,-1.539
216,2021,SD,Total,17834631.0,2021-01-01,1363726.85,13027637.11,492863.333,10.459,48.017,2.258,18.17,-2.84,-0.714,-1.539
217,2021,SD,Wind,9321814.0,2021-01-01,1363726.85,13027637.11,492863.333,10.459,48.017,2.258,18.17,-2.84,-0.714,-1.539
218,2021,SD,Wood and Wood Derived Fuels,11229.0,2021-01-01,1363726.85,13027637.11,492863.333,10.459,48.017,2.258,18.17,-2.84,-0.714,-1.539
