,Year,STATE,ENERGY SOURCE,GENERATION (MWh),Date,TOTAL_rev,TOTAL_sales,TOTAL_cust,TOTAL_price,Temperature,Delta from Mean Temp,Percipitation (in),Delta from Mean Pcp,Z-index Drought,Delta from Mean Z
0,1990,FL,Coal,60100257.0,1990-01-01,10097869.0,143534878.0,0.0,7.033,72.492,1.017,42.61,-11.44,-1.738,-1.47
1,1990,FL,Hydroelectric Conventional,174603.996,1990-01-01,10097869.0,143534878.0,0.0,7.033,72.492,1.017,42.61,-11.44,-1.738,-1.47
2,1990,FL,Natural Gas,18642683.004,1990-01-01,10097869.0,143534878.0,0.0,7.033,72.492,1.017,42.61,-11.44,-1.738,-1.47
3,1990,FL,Nuclear,21779559.996,1990-01-01,10097869.0,143534878.0,0.0,7.033,72.492,1.017,42.61,-11.44,-1.738,-1.47
4,1990,FL,Other,1453101.996,1990-01-01,10097869.0,143534878.0,0.0,7.033,72.492,1.017,42.61,-11.44,-1.738,-1.47
5,1990,FL,Other Biomass,1673078.004,1990-01-01,10097869.0,143534878.0,0.0,7.033,72.492,1.017,42.61,-11.44,-1.738,-1.47
6,1990,FL,Petroleum,25535138.004,1990-01-01,10097869.0,143534878.0,0.0,7.033,72.492,1.017,42.61,-11.44,-1.738,-1.47
7,1990,FL,Total,131502552.996,1990-01-01,10097869.0,143534878.0,0.0,7.033,72.492,1.017,42.61,-11.44,-1.738,-1.47
8,1990,FL,Wood and Wood Derived Fuels,2144130.996,1990-01-01,10097869.0,143534878.0,0.0,7.033,72.492,1.017,42.61,-11.44,-1.738,-1.47
9,1991,FL,Coal,62013483.996,1991-01-01,10479404.0,146336239.0,0.0,7.173,71.783,0.308,62.61,8.56,0.582,0.849
10,1991,FL,Hydroelectric Conventional,263066.004,1991-01-01,10479404.0,146336239.0,0.0,7.173,71.783,0.308,62.61,8.56,0.582,0.849
11,1991,FL,Natural Gas,19758810.0,1991-01-01,10479404.0,146336239.0,0.0,7.173,71.783,0.308,62.61,8.56,0.582,0.849
12,1991,FL,Nuclear,20507568.996,1991-01-01,10479404.0,146336239.0,0.0,7.173,71.783,0.308,62.61,8.56,0.582,0.849
13,1991,FL,Other,1917539.004,1991-01-01,10479404.0,146336239.0,0.0,7.173,71.783,0.308,62.61,8.56,0.582,0.849
14,1991,FL,Other Biomass,2259842.004,1991-01-01,10479404.0,146336239.0,0.0,7.173,71.783,0.308,62.61,8.56,0.582,0.849
15,1991,FL,Other Gases,10292.004,1991-01-01,10479404.0,146336239.0,0.0,7.173,71.783,0.308,62.61,8.56,0.582,0.849
16,1991,FL,Petroleum,30599958.996,1991-01-01,10479404.0,146336239.0,0.0,7.173,71.783,0.308,62.61,8.56,0.582,0.849
17,1991,FL,Total,139416689.004,1991-01-01,10479404.0,146336239.0,0.0,7.173,71.783,0.308,62.61,8.56,0.582,0.849
18,1991,FL,Wood and Wood Derived Fuels,2086128.0,1991-01-01,10479404.0,146336239.0,0.0,7.173,71.783,0.308,62.61,8.56,0.582,0.849
19,1992,FL,Coal,62709653.004,1992-01-01,10281151.0,147009941.0,0.0,7.002,70.275,-1.2,56.18,2.13,0.369,0.637
20,1992,FL,Hydroelectric Conventional,235604.004,1992-01-01,10281151.0,147009941.0,0.0,7.002,70.275,-1.2,56.18,2.13,0.369,0.637
21,1992,FL,Natural Gas,19919616.0,1992-01-01,10281151.0,147009941.0,0.0,7.002,70.275,-1.2,56.18,2.13,0.369,0.637
22,1992,FL,Nuclear,25115955.996,1992-01-01,10281151.0,147009941.0,0.0,7.002,70.275,-1.2,56.18,2.13,0.369,0.637
23,1992,FL,Other,1951857.996,1992-01-01,10281151.0,147009941.0,0.0,7.002,70.275,-1.2,56.18,2.13,0.369,0.637
24,1992,FL,Other Biomass,2920767.996,1992-01-01,10281151.0,147009941.0,0.0,7.002,70.275,-1.2,56.18,2.13,0.369,0.637
25,1992,FL,Other Gases,15177.996,1992-01-01,10281151.0,147009941.0,0.0,7.002,70.275,-1.2,56.18,2.13,0.369,0.637
26,1992,FL,Petroleum,28617786.0,1992-01-01,10281151.0,147009941.0,0.0,7.002,70.275,-1.2,56.18,2.13,0.369,0.637
27,1992,FL,Total,143777142.996,1992-01-01,10281151.0,147009941.0,0.0,7.002,70.275,-1.2,56.18,2.13,0.369,0.637
28,1992,FL,Wood and Wood Derived Fuels,2290724.004,1992-01-01,10281151.0,147009941.0,0.0,7.002,70.275,-1.2,56.18,2.13,0.369,0.637
29,1993,FL,Coal,63138674.004,1993-01-01,10994034.0,152747819.0,0.0,7.189,70.3,-1.175,49.91,-4.14,-0.631,-0.363
30,1993,FL,Hydroelectric Conventional,210776.004,1993-01-01,10994034.0,152747819.0,0.0,7.189,70.3,-1.175,49.91,-4.14,-0.631,-0.363
31,1993,FL,Natural Gas,20754801.0,1993-01-01,10994034.0,152747819.0,0.0,7.189,70.3,-1.175,49.91,-4.14,-0.631,-0.363
32,1993,FL,Nuclear,25886864.004,1993-01-01,10994034.0,152747819.0,0.0,7.189,70.3,-1.175,49.91,-4.14,-0.631,-0.363
33,1993,FL,Other,1676955.0,1993-01-01,10994034.0,152747819.0,0.0,7.189,70.3,-1.175,49.91,-4.14,-0.631,-0.363
34,1993,FL,Other Biomass,3096959.004,1993-01-01,10994034.0,152747819.0,0.0,7.189,70.3,-1.175,49.91,-4.14,-0.631,-0.363
35,1993,FL,Other Gases,72413.004,1993-01-01,10994034.0,152747819.0,0.0,7.189,70.3,-1.175,49.91,-4.14,-0.631,-0.363
36,1993,FL,Petroleum,34727091.996,1993-01-01,10994034.0,152747819.0,0.0,7.189,70.3,-1.175,49.91,-4.14,-0.631,-0.363
37,1993,FL,Total,151934156.004,1993-01-01,10994034.0,152747819.0,0.0,7.189,70.3,-1.175,49.91,-4.14,-0.631,-0.363
38,1993,FL,Wood and Wood Derived Fuels,2369622.0,1993-01-01,10994034.0,152747819.0,0.0,7.189,70.3,-1.175,49.91,-4.14,-0.631,-0.363
39,1994,FL,Coal,63465108.0,1994-01-01,11102776.0,159544297.0,0.0,6.966,71.55,0.075,64.78,10.73,1.002,1.27
40,1994,FL,Hydroelectric Conventional,274473.996,1994-01-01,11102776.0,159544297.0,0.0,6.966,71.55,0.075,64.78,10.73,1.002,1.27
41,1994,FL,Natural Gas,26151929.004,1994-01-01,11102776.0,159544297.0,0.0,6.966,71.55,0.075,64.78,10.73,1.002,1.27
42,1994,FL,Nuclear,26682107.004,1994-01-01,11102776.0,159544297.0,0.0,6.966,71.55,0.075,64.78,10.73,1.002,1.27
43,1994,FL,Other,2051342.004,1994-01-01,11102776.0,159544297.0,0.0,6.966,71.55,0.075,64.78,10.73,1.002,1.27
44,1994,FL,Other Biomass,3177186.996,1994-01-01,11102776.0,159544297.0,0.0,6.966,71.55,0.075,64.78,10.73,1.002,1.27
45,1994,FL,Other Gases,34878.996,1994-01-01,11102776.0,159544297.0,0.0,6.966,71.55,0.075,64.78,10.73,1.002,1.27
46,1994,FL,Petroleum,33897384.0,1994-01-01,11102776.0,159544297.0,0.0,6.966,71.55,0.075,64.78,10.73,1.002,1.27
47,1994,FL,Total,158146845.996,1994-01-01,11102776.0,159544297.0,0.0,6.966,71.55,0.075,64.78,10.73,1.002,1.27
48,1994,FL,Wood and Wood Derived Fuels,2412435.996,1994-01-01,11102776.0,159544297.0,0.0,6.966,71.55,0.075,64.78,10.73,1.002,1.27
49,1995,FL,Coal,65761841.004,1995-01-01,11745420.0,167492140.0,0.0,7.015,70.792,-0.683,59.1,5.05,0.574,0.842
50,1995,FL,Hydroelectric Conventional,230840.004,1995-01-01,11745420.0,167492140.0,0.0,7.015,70.792,-0.683,59.1,5.05,0.574,0.842
51,1995,FL,Natural Gas,42755150.004,1995-01-01,11745420.0,167492140.0,0.0,7.015,70.792,-0.683,59.1,5.05,0.574,0.842
52,1995,FL,Nuclear,28740617.004,1995-01-01,11745420.0,167492140.0,0.0,7.015,70.792,-0.683,59.1,5.05,0.574,0.842
53,1995,FL,Other,2026986.996,1995-01-01,11745420.0,167492140.0,0.0,7.015,70.792,-0.683,59.1,5.05,0.574,0.842
54,1995,FL,Other Biomass,3339882.0,1995-01-01,11745420.0,167492140.0,0.0,7.015,70.792,-0.683,59.1,5.05,0.574,0.842
55,1995,FL,Other Gases,31478.004,1995-01-01,11745420.0,167492140.0,0.0,7.015,70.792,-0.683,59.1,5.05,0.574,0.842
56,1995,FL,Petroleum,22287501.0,1995-01-01,11745420.0,167492140.0,0.0,7.015,70.792,-0.683,59.1,5.05,0.574,0.842
57,1995,FL,Total,167414372.004,1995-01-01,11745420.0,167492140.0,0.0,7.015,70.792,-0.683,59.1,5.05,0.574,0.842
58,1995,FL,Wood and Wood Derived Fuels,2240076.0,1995-01-01,11745420.0,167492140.0,0.0,7.015,70.792,-0.683,59.1,5.05,0.574,0.842
59,1996,FL,Coal,70856789.004,1996-01-01,12343460.0,171832022.0,0.0,7.184,69.892,-1.583,53.96,-0.09,0.118,0.386
60,1996,FL,Hydroelectric Conventional,215559.996,1996-01-01,12343460.0,171832022.0,0.0,7.184,69.892,-1.583,53.96,-0.09,0.118,0.386
61,1996,FL,Natural Gas,39234684.996,1996-01-01,12343460.0,171832022.0,0.0,7.184,69.892,-1.583,53.96,-0.09,0.118,0.386
62,1996,FL,Nuclear,25470291.0,1996-01-01,12343460.0,171832022.0,0.0,7.184,69.892,-1.583,53.96,-0.09,0.118,0.386
63,1996,FL,Other,2044941.0,1996-01-01,12343460.0,171832022.0,0.0,7.184,69.892,-1.583,53.96,-0.09,0.118,0.386
64,1996,FL,Other Biomass,3431163.0,1996-01-01,12343460.0,171832022.0,0.0,7.184,69.892,-1.583,53.96,-0.09,0.118,0.386
65,1996,FL,Other Gases,29306.004,1996-01-01,12343460.0,171832022.0,0.0,7.184,69.892,-1.583,53.96,-0.09,0.118,0.386
66,1996,FL,Petroleum,23384513.004,1996-01-01,12343460.0,171832022.0,0.0,7.184,69.892,-1.583,53.96,-0.09,0.118,0.386
67,1996,FL,Total,167084936.004,1996-01-01,12343460.0,171832022.0,0.0,7.184,69.892,-1.583,53.96,-0.09,0.118,0.386
68,1996,FL,Wood and Wood Derived Fuels,2417688.0,1996-01-01,12343460.0,171832022.0,0.0,7.184,69.892,-1.583,53.96,-0.09,0.118,0.386
69,1997,FL,Coal,70934505.0,1997-01-01,12588110.0,175041019.0,0.0,7.194,71.142,-0.333,59.65,5.6,0.731,0.998
70,1997,FL,Hydroelectric Conventional,241280.004,1997-01-01,12588110.0,175041019.0,0.0,7.194,71.142,-0.333,59.65,5.6,0.731,0.998
71,1997,FL,Natural Gas,39875684.004,1997-01-01,12588110.0,175041019.0,0.0,7.194,71.142,-0.333,59.65,5.6,0.731,0.998
72,1997,FL,Nuclear,22967742.996,1997-01-01,12588110.0,175041019.0,0.0,7.194,71.142,-0.333,59.65,5.6,0.731,0.998
73,1997,FL,Other,2058825.996,1997-01-01,12588110.0,175041019.0,0.0,7.194,71.142,-0.333,59.65,5.6,0.731,0.998
74,1997,FL,Other Biomass,3305829.996,1997-01-01,12588110.0,175041019.0,0.0,7.194,71.142,-0.333,59.65,5.6,0.731,0.998
75,1997,FL,Other Gases,56208.996,1997-01-01,12588110.0,175041019.0,0.0,7.194,71.142,-0.333,59.65,5.6,0.731,0.998
76,1997,FL,Petroleum,26159721.0,1997-01-01,12588110.0,175041019.0,0.0,7.194,71.142,-0.333,59.65,5.6,0.731,0.998
77,1997,FL,Total,168246993.0,1997-01-01,12588110.0,175041019.0,0.0,7.194,71.142,-0.333,59.65,5.6,0.731,0.998
78,1997,FL,Wood and Wood Derived Fuels,2647194.996,1997-01-01,12588110.0,175041019.0,0.0,7.194,71.142,-0.333,59.65,5.6,0.731,0.998
79,1998,FL,Coal,70279443.996,1998-01-01,13126646.0,187354594.0,0.0,7.005,72.492,1.017,57.05,3.0,-0.495,-0.227
80,1998,FL,Hydroelectric Conventional,198504.996,1998-01-01,13126646.0,187354594.0,0.0,7.005,72.492,1.017,57.05,3.0,-0.495,-0.227
81,1998,FL,Natural Gas,38923191.0,1998-01-01,13126646.0,187354594.0,0.0,7.005,72.492,1.017,57.05,3.0,-0.495,-0.227
82,1998,FL,Nuclear,31115418.996,1998-01-01,13126646.0,187354594.0,0.0,7.005,72.492,1.017,57.05,3.0,-0.495,-0.227
83,1998,FL,Other,2043149.004,1998-01-01,13126646.0,187354594.0,0.0,7.005,72.492,1.017,57.05,3.0,-0.495,-0.227
84,1998,FL,Other Biomass,3393368.004,1998-01-01,13126646.0,187354594.0,0.0,7.005,72.492,1.017,57.05,3.0,-0.495,-0.227
85,1998,FL,Other Gases,80304.996,1998-01-01,13126646.0,187354594.0,0.0,7.005,72.492,1.017,57.05,3.0,-0.495,-0.227
86,1998,FL,Petroleum,41521650.996,1998-01-01,13126646.0,187354594.0,0.0,7.005,72.492,1.017,57.05,3.0,-0.495,-0.227
87,1998,FL,Total,189628995.996,1998-01-01,13126646.0,187354594.0,0.0,7.005,72.492,1.017,57.05,3.0,-0.495,-0.227
88,1998,FL,Wood and Wood Derived Fuels,2073963.996,1998-01-01,13126646.0,187354594.0,0.0,7.005,72.492,1.017,57.05,3.0,-0.495,-0.227
89,1999,FL,Coal,67629927.0,1999-01-01,12819402.0,187270259.0,0.0,6.858,71.167,-0.308,49.69,-4.36,-0.453,-0.186
90,1999,FL,Hydroelectric Conventional,140175.0,1999-01-01,12819402.0,187270259.0,0.0,6.858,71.167,-0.308,49.69,-4.36,-0.453,-0.186
91,1999,FL,Natural Gas,43166955.996,1999-01-01,12819402.0,187270259.0,0.0,6.858,71.167,-0.308,49.69,-4.36,-0.453,-0.186
92,1999,FL,Nuclear,31526285.004,1999-01-01,12819402.0,187270259.0,0.0,6.858,71.167,-0.308,49.69,-4.36,-0.453,-0.186
93,1999,FL,Other,2038076.004,1999-01-01,12819402.0,187270259.0,0.0,6.858,71.167,-0.308,49.69,-4.36,-0.453,-0.186
94,1999,FL,Other Biomass,3535397.004,1999-01-01,12819402.0,187270259.0,0.0,6.858,71.167,-0.308,49.69,-4.36,-0.453,-0.186
95,1999,FL,Other Gases,26619.0,1999-01-01,12819402.0,187270259.0,0.0,6.858,71.167,-0.308,49.69,-4.36,-0.453,-0.186
96,1999,FL,Petroleum,37130630.004,1999-01-01,12819402.0,187270259.0,0.0,6.858,71.167,-0.308,49.69,-4.36,-0.453,-0.186
97,1999,FL,Total,187263426.0,1999-01-01,12819402.0,187270259.0,0.0,6.858,71.167,-0.308,49.69,-4.36,-0.453,-0.186
98,1999,FL,Wood and Wood Derived Fuels,2069361.0,1999-01-01,12819402.0,187270259.0,0.0,6.858,71.167,-0.308,49.69,-4.36,-0.453,-0.186
99,2000,FL,Coal,72741828.996,2000-01-01,13525899.0,195842975.0,0.0,6.893,70.575,-0.9,40.29,-13.76,-1.777,-1.509
100,2000,FL,Hydroelectric Conventional,86769.0,2000-01-01,13525899.0,195842975.0,0.0,6.893,70.575,-0.9,40.29,-13.76,-1.777,-1.509
101,2000,FL,Natural Gas,43202867.004,2000-01-01,13525899.0,195842975.0,0.0,6.893,70.575,-0.9,40.29,-13.76,-1.777,-1.509
102,2000,FL,Nuclear,32291345.004,2000-01-01,13525899.0,195842975.0,0.0,6.893,70.575,-0.9,40.29,-13.76,-1.777,-1.509
103,2000,FL,Other,2036183.004,2000-01-01,13525899.0,195842975.0,0.0,6.893,70.575,-0.9,40.29,-13.76,-1.777,-1.509
104,2000,FL,Other Biomass,3631313.004,2000-01-01,13525899.0,195842975.0,0.0,6.893,70.575,-0.9,40.29,-13.76,-1.777,-1.509
105,2000,FL,Other Gases,23471.004,2000-01-01,13525899.0,195842975.0,0.0,6.893,70.575,-0.9,40.29,-13.76,-1.777,-1.509
106,2000,FL,Petroleum,35743029.996,2000-01-01,13525899.0,195842975.0,0.0,6.893,70.575,-0.9,40.29,-13.76,-1.777,-1.509
107,2000,FL,Total,191815839.996,2000-01-01,13525899.0,195842975.0,0.0,6.893,70.575,-0.9,40.29,-13.76,-1.777,-1.509
108,2000,FL,Wood and Wood Derived Fuels,2059032.996,2000-01-01,13525899.0,195842975.0,0.0,6.893,70.575,-0.9,40.29,-13.76,-1.777,-1.509
109,2001,FL,Coal,68227738.0,2001-01-01,15403113.0,200752133.0,0.0,7.668,70.933,-0.542,52.21,-1.84,-0.443,-0.175
110,2001,FL,Hydroelectric Conventional,147718.0,2001-01-01,15403113.0,200752133.0,0.0,7.668,70.933,-0.542,52.21,-1.84,-0.443,-0.175
111,2001,FL,Natural Gas,43569806.0,2001-01-01,15403113.0,200752133.0,0.0,7.668,70.933,-0.542,52.21,-1.84,-0.443,-0.175
112,2001,FL,Nuclear,31583404.0,2001-01-01,15403113.0,200752133.0,0.0,7.668,70.933,-0.542,52.21,-1.84,-0.443,-0.175
113,2001,FL,Other,3046349.0,2001-01-01,15403113.0,200752133.0,0.0,7.668,70.933,-0.542,52.21,-1.84,-0.443,-0.175
114,2001,FL,Other Biomass,1961521.0,2001-01-01,15403113.0,200752133.0,0.0,7.668,70.933,-0.542,52.21,-1.84,-0.443,-0.175
115,2001,FL,Other Gases,634.0,2001-01-01,15403113.0,200752133.0,0.0,7.668,70.933,-0.542,52.21,-1.84,-0.443,-0.175
116,2001,FL,Petroleum,40579937.0,2001-01-01,15403113.0,200752133.0,0.0,7.668,70.933,-0.542,52.21,-1.84,-0.443,-0.175
117,2001,FL,Total,190945343.0,2001-01-01,15403113.0,200752133.0,0.0,7.668,70.933,-0.542,52.21,-1.84,-0.443,-0.175
118,2001,FL,Wood and Wood Derived Fuels,1828236.0,2001-01-01,15403113.0,200752133.0,0.0,7.668,70.933,-0.542,52.21,-1.84,-0.443,-0.175
119,2002,FL,Coal,65926393.0,2002-01-01,15393778.0,210473531.0,0.0,7.33,71.292,-0.183,58.49,4.44,0.363,0.631
120,2002,FL,Hydroelectric Conventional,184114.0,2002-01-01,15393778.0,210473531.0,0.0,7.33,71.292,-0.183,58.49,4.44,0.363,0.631
121,2002,FL,Natural Gas,63164036.0,2002-01-01,15393778.0,210473531.0,0.0,7.33,71.292,-0.183,58.49,4.44,0.363,0.631
122,2002,FL,Nuclear,33704230.0,2002-01-01,15393778.0,210473531.0,0.0,7.33,71.292,-0.183,58.49,4.44,0.363,0.631
123,2002,FL,Other,2939794.0,2002-01-01,15393778.0,210473531.0,0.0,7.33,71.292,-0.183,58.49,4.44,0.363,0.631
124,2002,FL,Other Biomass,2186889.0,2002-01-01,15393778.0,210473531.0,0.0,7.33,71.292,-0.183,58.49,4.44,0.363,0.631
125,2002,FL,Other Gases,13080.0,2002-01-01,15393778.0,210473531.0,0.0,7.33,71.292,-0.183,58.49,4.44,0.363,0.631
126,2002,FL,Petroleum,33681351.0,2002-01-01,15393778.0,210473531.0,0.0,7.33,71.292,-0.183,58.49,4.44,0.363,0.631
127,2002,FL,Total,203352778.0,2002-01-01,15393778.0,210473531.0,0.0,7.33,71.292,-0.183,58.49,4.44,0.363,0.631
128,2002,FL,Wood and Wood Derived Fuels,1552892.0,2002-01-01,15393778.0,210473531.0,0.0,7.33,71.292,-0.183,58.49,4.44,0.363,0.631
129,2003,FL,Coal,67674581.0,2003-01-01,16774212.0,217378622.0,0.0,7.711,70.867,-0.608,58.77,4.72,0.397,0.665
130,2003,FL,Hydroelectric Conventional,262667.0,2003-01-01,16774212.0,217378622.0,0.0,7.711,70.867,-0.608,58.77,4.72,0.397,0.665
131,2003,FL,Natural Gas,68293418.0,2003-01-01,16774212.0,217378622.0,0.0,7.711,70.867,-0.608,58.77,4.72,0.397,0.665
132,2003,FL,Nuclear,30979481.0,2003-01-01,16774212.0,217378622.0,0.0,7.711,70.867,-0.608,58.77,4.72,0.397,0.665
133,2003,FL,Other,3710701.0,2003-01-01,16774212.0,217378622.0,0.0,7.711,70.867,-0.608,58.77,4.72,0.397,0.665
134,2003,FL,Other Biomass,2263694.0,2003-01-01,16774212.0,217378622.0,0.0,7.711,70.867,-0.608,58.77,4.72,0.397,0.665
135,2003,FL,Other Gases,10506.0,2003-01-01,16774212.0,217378622.0,0.0,7.711,70.867,-0.608,58.77,4.72,0.397,0.665
136,2003,FL,Petroleum,37204570.0,2003-01-01,16774212.0,217378622.0,0.0,7.711,70.867,-0.608,58.77,4.72,0.397,0.665
137,2003,FL,Total,212610013.0,2003-01-01,16774212.0,217378622.0,0.0,7.711,70.867,-0.608,58.77,4.72,0.397,0.665
138,2003,FL,Wood and Wood Derived Fuels,2210395.0,2003-01-01,16774212.0,217378622.0,0.0,7.711,70.867,-0.608,58.77,4.72,0.397,0.665
139,2004,FL,Coal,64861773.0,2004-01-01,17834520.0,218584495.0,0.0,8.164,70.817,-0.658,57.22,3.17,0.046,0.313
140,2004,FL,Hydroelectric Conventional,265260.0,2004-01-01,17834520.0,218584495.0,0.0,8.164,70.817,-0.658,57.22,3.17,0.046,0.313
141,2004,FL,Natural Gas,76576972.0,2004-01-01,17834520.0,218584495.0,0.0,8.164,70.817,-0.658,57.22,3.17,0.046,0.313
142,2004,FL,Nuclear,31215576.0,2004-01-01,17834520.0,218584495.0,0.0,8.164,70.817,-0.658,57.22,3.17,0.046,0.313
143,2004,FL,Other,3426595.0,2004-01-01,17834520.0,218584495.0,0.0,8.164,70.817,-0.658,57.22,3.17,0.046,0.313
144,2004,FL,Other Biomass,2285246.0,2004-01-01,17834520.0,218584495.0,0.0,8.164,70.817,-0.658,57.22,3.17,0.046,0.313
145,2004,FL,Other Gases,14730.0,2004-01-01,17834520.0,218584495.0,0.0,8.164,70.817,-0.658,57.22,3.17,0.046,0.313
146,2004,FL,Petroleum,37255451.0,2004-01-01,17834520.0,218584495.0,0.0,8.164,70.817,-0.658,57.22,3.17,0.046,0.313
147,2004,FL,Total,218117927.0,2004-01-01,17834520.0,218584495.0,0.0,8.164,70.817,-0.658,57.22,3.17,0.046,0.313
148,2004,FL,Wood and Wood Derived Fuels,2216324.0,2004-01-01,17834520.0,218584495.0,0.0,8.164,70.817,-0.658,57.22,3.17,0.046,0.313
149,2005,FL,Coal,62515303.0,2005-01-01,19713387.0,224977010.0,0.0,8.755,70.833,-0.642,59.48,5.43,0.615,0.882
150,2005,FL,Hydroelectric Conventional,266160.0,2005-01-01,19713387.0,224977010.0,0.0,8.755,70.833,-0.642,59.48,5.43,0.615,0.882
151,2005,FL,Natural Gas,83595196.0,2005-01-01,19713387.0,224977010.0,0.0,8.755,70.833,-0.642,59.48,5.43,0.615,0.882
152,2005,FL,Nuclear,28758826.0,2005-01-01,19713387.0,224977010.0,0.0,8.755,70.833,-0.642,59.48,5.43,0.615,0.882
153,2005,FL,Other,3579461.0,2005-01-01,19713387.0,224977010.0,0.0,8.755,70.833,-0.642,59.48,5.43,0.615,0.882
154,2005,FL,Other Biomass,2304957.0,2005-01-01,19713387.0,224977010.0,0.0,8.755,70.833,-0.642,59.48,5.43,0.615,0.882
155,2005,FL,Other Gases,13240.0,2005-01-01,19713387.0,224977010.0,0.0,8.755,70.833,-0.642,59.48,5.43,0.615,0.882
156,2005,FL,Petroleum,37201034.0,2005-01-01,19713387.0,224977010.0,0.0,8.755,70.833,-0.642,59.48,5.43,0.615,0.882
157,2005,FL,Total,220256411.0,2005-01-01,19713387.0,224977010.0,0.0,8.755,70.833,-0.642,59.48,5.43,0.615,0.882
158,2005,FL,Wood and Wood Derived Fuels,2022239.0,2005-01-01,19713387.0,224977010.0,0.0,8.755,70.833,-0.642,59.48,5.43,0.615,0.882
159,2006,FL,Coal,65423336.0,2006-01-01,23845014.0,228219544.0,0.0,10.435,71.358,-0.117,41.0,-13.05,-1.952,-1.684
160,2006,FL,Hydroelectric Conventional,203422.0,2006-01-01,23845014.0,228219544.0,0.0,10.435,71.358,-0.117,41.0,-13.05,-1.952,-1.684
161,2006,FL,Natural Gas,96186139.0,2006-01-01,23845014.0,228219544.0,0.0,10.435,71.358,-0.117,41.0,-13.05,-1.952,-1.684
162,2006,FL,Nuclear,31426349.0,2006-01-01,23845014.0,228219544.0,0.0,10.435,71.358,-0.117,41.0,-13.05,-1.952,-1.684
163,2006,FL,Other,3260672.0,2006-01-01,23845014.0,228219544.0,0.0,10.435,71.358,-0.117,41.0,-13.05,-1.952,-1.684
164,2006,FL,Other Biomass,2351701.0,2006-01-01,23845014.0,228219544.0,0.0,10.435,71.358,-0.117,41.0,-13.05,-1.952,-1.684
165,2006,FL,Other Gases,16923.0,2006-01-01,23845014.0,228219544.0,0.0,10.435,71.358,-0.117,41.0,-13.05,-1.952,-1.684
166,2006,FL,Petroleum,22904091.0,2006-01-01,23845014.0,228219544.0,0.0,10.435,71.358,-0.117,41.0,-13.05,-1.952,-1.684
167,2006,FL,Total,223751621.0,2006-01-01,23845014.0,228219544.0,0.0,10.435,71.358,-0.117,41.0,-13.05,-1.952,-1.684
168,2006,FL,Wood and Wood Derived Fuels,1978989.0,2006-01-01,23845014.0,228219544.0,0.0,10.435,71.358,-0.117,41.0,-13.05,-1.952,-1.684
169,2007,FL,Coal,67908115.0,2007-01-01,23878429.0,231084599.0,7663114.0,10.328,71.75,0.275,43.72,-10.33,-1.828,-1.561
170,2007,FL,Hydroelectric Conventional,154447.0,2007-01-01,23878429.0,231084599.0,7663114.0,10.328,71.75,0.275,43.72,-10.33,-1.828,-1.561
171,2007,FL,Natural Gas,100307183.0,2007-01-01,23878429.0,231084599.0,7663114.0,10.328,71.75,0.275,43.72,-10.33,-1.828,-1.561
172,2007,FL,Nuclear,29289289.0,2007-01-01,23878429.0,231084599.0,7663114.0,10.328,71.75,0.275,43.72,-10.33,-1.828,-1.561
173,2007,FL,Other,3236179.0,2007-01-01,23878429.0,231084599.0,7663114.0,10.328,71.75,0.275,43.72,-10.33,-1.828,-1.561
174,2007,FL,Other Biomass,2373018.0,2007-01-01,23878429.0,231084599.0,7663114.0,10.328,71.75,0.275,43.72,-10.33,-1.828,-1.561
175,2007,FL,Other Gases,15163.0,2007-01-01,23878429.0,231084599.0,7663114.0,10.328,71.75,0.275,43.72,-10.33,-1.828,-1.561
176,2007,FL,Petroleum,20202868.0,2007-01-01,23878429.0,231084599.0,7663114.0,10.328,71.75,0.275,43.72,-10.33,-1.828,-1.561
177,2007,FL,Total,225416061.0,2007-01-01,23878429.0,231084599.0,7663114.0,10.328,71.75,0.275,43.72,-10.33,-1.828,-1.561
178,2007,FL,Wood and Wood Derived Fuels,1929799.0,2007-01-01,23878429.0,231084599.0,7663114.0,10.328,71.75,0.275,43.72,-10.33,-1.828,-1.561
179,2008,FL,Coal,64823411.0,2008-01-01,24295913.0,226172794.0,9629908.583,10.716,70.825,-0.65,53.13,-0.92,-0.27,-0.003
180,2008,FL,Hydroelectric Conventional,206157.0,2008-01-01,24295913.0,226172794.0,9629908.583,10.716,70.825,-0.65,53.13,-0.92,-0.27,-0.003
181,2008,FL,Natural Gas,103363124.0,2008-01-01,24295913.0,226172794.0,9629908.583,10.716,70.825,-0.65,53.13,-0.92,-0.27,-0.003
182,2008,FL,Nuclear,32133276.0,2008-01-01,24295913.0,226172794.0,9629908.583,10.716,70.825,-0.65,53.13,-0.92,-0.27,-0.003
183,2008,FL,Other,2827263.0,2008-01-01,24295913.0,226172794.0,9629908.583,10.716,70.825,-0.65,53.13,-0.92,-0.27,-0.003
184,2008,FL,Other Biomass,2334127.0,2008-01-01,24295913.0,226172794.0,9629908.583,10.716,70.825,-0.65,53.13,-0.92,-0.27,-0.003
185,2008,FL,Other Gases,9977.0,2008-01-01,24295913.0,226172794.0,9629908.583,10.716,70.825,-0.65,53.13,-0.92,-0.27,-0.003
186,2008,FL,Petroleum,11970742.0,2008-01-01,24295913.0,226172794.0,9629908.583,10.716,70.825,-0.65,53.13,-0.92,-0.27,-0.003
187,2008,FL,Total,219636819.0,2008-01-01,24295913.0,226172794.0,9629908.583,10.716,70.825,-0.65,53.13,-0.92,-0.27,-0.003
188,2008,FL,Wood and Wood Derived Fuels,1968742.0,2008-01-01,24295913.0,226172794.0,9629908.583,10.716,70.825,-0.65,53.13,-0.92,-0.27,-0.003
189,2009,FL,Coal,54003070.0,2009-01-01,25824776.0,224750323.0,9639206.417,11.502,71.158,-0.317,53.77,-0.28,-0.105,0.162
190,2009,FL,Hydroelectric Conventional,208201.0,2009-01-01,25824776.0,224750323.0,9639206.417,11.502,71.158,-0.317,53.77,-0.28,-0.105,0.162
191,2009,FL,Natural Gas,118322308.0,2009-01-01,25824776.0,224750323.0,9639206.417,11.502,71.158,-0.317,53.77,-0.28,-0.105,0.162
192,2009,FL,Nuclear,29117877.0,2009-01-01,25824776.0,224750323.0,9639206.417,11.502,71.158,-0.317,53.77,-0.28,-0.105,0.162
193,2009,FL,Other,2732700.0,2009-01-01,25824776.0,224750323.0,9639206.417,11.502,71.158,-0.317,53.77,-0.28,-0.105,0.162
194,2009,FL,Other Biomass,2376736.0,2009-01-01,25824776.0,224750323.0,9639206.417,11.502,71.158,-0.317,53.77,-0.28,-0.105,0.162
195,2009,FL,Other Gases,6800.0,2009-01-01,25824776.0,224750323.0,9639206.417,11.502,71.158,-0.317,53.77,-0.28,-0.105,0.162
196,2009,FL,Petroleum,9221017.0,2009-01-01,25824776.0,224750323.0,9639206.417,11.502,71.158,-0.317,53.77,-0.28,-0.105,0.162
197,2009,FL,Solar Thermal and Photovoltaic,9470.0,2009-01-01,25824776.0,224750323.0,9639206.417,11.502,71.158,-0.317,53.77,-0.28,-0.105,0.162
198,2009,FL,Total,217952307.0,2009-01-01,25824776.0,224750323.0,9639206.417,11.502,71.158,-0.317,53.77,-0.28,-0.105,0.162
199,2009,FL,Wood and Wood Derived Fuels,1954123.0,2009-01-01,25824776.0,224750323.0,9639206.417,11.502,71.158,-0.317,53.77,-0.28,-0.105,0.162
200,2010,FL,Coal,59897432.0,2010-01-01,24459828.0,231209615.0,9674410.75,10.584,69.192,-2.283,48.12,-5.93,-0.882,-0.615
201,2010,FL,Hydroelectric Conventional,177477.0,2010-01-01,24459828.0,231209615.0,9674410.75,10.584,69.192,-2.283,48.12,-5.93,-0.882,-0.615
202,2010,FL,Natural Gas,128634251.0,2010-01-01,24459828.0,231209615.0,9674410.75,10.584,69.192,-2.283,48.12,-5.93,-0.882,-0.615
203,2010,FL,Nuclear,23935922.0,2010-01-01,24459828.0,231209615.0,9674410.75,10.584,69.192,-2.283,48.12,-5.93,-0.882,-0.615
204,2010,FL,Other,2833559.0,2010-01-01,24459828.0,231209615.0,9674410.75,10.584,69.192,-2.283,48.12,-5.93,-0.882,-0.615
205,2010,FL,Other Biomass,2387414.0,2010-01-01,24459828.0,231209615.0,9674410.75,10.584,69.192,-2.283,48.12,-5.93,-0.882,-0.615
206,2010,FL,Other Gases,8075.0,2010-01-01,24459828.0,231209615.0,9674410.75,10.584,69.192,-2.283,48.12,-5.93,-0.882,-0.615
207,2010,FL,Petroleum,9122497.0,2010-01-01,24459828.0,231209615.0,9674410.75,10.584,69.192,-2.283,48.12,-5.93,-0.882,-0.615
208,2010,FL,Solar Thermal and Photovoltaic,80441.0,2010-01-01,24459828.0,231209615.0,9674410.75,10.584,69.192,-2.283,48.12,-5.93,-0.882,-0.615
209,2010,FL,Total,229095934.0,2010-01-01,24459828.0,231209615.0,9674410.75,10.584,69.192,-2.283,48.12,-5.93,-0.882,-0.615
210,2010,FL,Wood and Wood Derived Fuels,2018866.0,2010-01-01,24459828.0,231209615.0,9674410.75,10.584,69.192,-2.283,48.12,-5.93,-0.882,-0.615
211,2011,FL,Coal,51990960.96,2011-01-01,23880210.0,225090423.0,9732883.167,10.6,71.683,0.208,46.77,-7.28,-1.389,-1.122
212,2011,FL,Hydroelectric Conventional,182042.01,2011-01-01,23880210.0,225090423.0,9732883.167,10.6,71.683,0.208,46.77,-7.28,-1.389,-1.122
213,2011,FL,Natural Gas,136363873.7,2011-01-01,23880210.0,225090423.0,9732883.167,10.6,71.683,0.208,46.77,-7.28,-1.389,-1.122
214,2011,FL,Nuclear,22015368.0,2011-01-01,23880210.0,225090423.0,9732883.167,10.6,71.683,0.208,46.77,-7.28,-1.389,-1.122
215,2011,FL,Other,3385050.83,2011-01-01,23880210.0,225090423.0,9732883.167,10.6,71.683,0.208,46.77,-7.28,-1.389,-1.122
216,2011,FL,Other Biomass,2334984.74,2011-01-01,23880210.0,225090423.0,9732883.167,10.6,71.683,0.208,46.77,-7.28,-1.389,-1.122
217,2011,FL,Other Gases,6191.2,2011-01-01,23880210.0,225090423.0,9732883.167,10.6,71.683,0.208,46.77,-7.28,-1.389,-1.122
218,2011,FL,Petroleum,3280943.95,2011-01-01,23880210.0,225090423.0,9732883.167,10.6,71.683,0.208,46.77,-7.28,-1.389,-1.122
219,2011,FL,Solar Thermal and Photovoltaic,125726.01,2011-01-01,23880210.0,225090423.0,9732883.167,10.6,71.683,0.208,46.77,-7.28,-1.389,-1.122
220,2011,FL,Total,221894574.09,2011-01-01,23880210.0,225090423.0,9732883.167,10.6,71.683,0.208,46.77,-7.28,-1.389,-1.122
221,2011,FL,Wood and Wood Derived Fuels,2209432.76,2011-01-01,23880210.0,225090423.0,9732883.167,10.6,71.683,0.208,46.77,-7.28,-1.389,-1.122
222,2012,FL,Coal,44286390.88,2012-01-01,23028603.0,220674333.0,9823193.583,10.434,71.892,0.417,55.09,1.04,-0.373,-0.106
223,2012,FL,Hydroelectric Conventional,150511.0,2012-01-01,23028603.0,220674333.0,9823193.583,10.434,71.892,0.417,55.09,1.04,-0.373,-0.106
224,2012,FL,Natural Gas,149699641.35,2012-01-01,23028603.0,220674333.0,9823193.583,10.434,71.892,0.417,55.09,1.04,-0.373,-0.106
225,2012,FL,Nuclear,17869935.0,2012-01-01,23028603.0,220674333.0,9823193.583,10.434,71.892,0.417,55.09,1.04,-0.373,-0.106
226,2012,FL,Other,3193779.8,2012-01-01,23028603.0,220674333.0,9823193.583,10.434,71.892,0.417,55.09,1.04,-0.373,-0.106
227,2012,FL,Other Biomass,2272621.43,2012-01-01,23028603.0,220674333.0,9823193.583,10.434,71.892,0.417,55.09,1.04,-0.373,-0.106
228,2012,FL,Other Gases,6054.24,2012-01-01,23028603.0,220674333.0,9823193.583,10.434,71.892,0.417,55.09,1.04,-0.373,-0.106
229,2012,FL,Petroleum,1366025.73,2012-01-01,23028603.0,220674333.0,9823193.583,10.434,71.892,0.417,55.09,1.04,-0.373,-0.106
230,2012,FL,Solar Thermal and Photovoltaic,193615.99,2012-01-01,23028603.0,220674333.0,9823193.583,10.434,71.892,0.417,55.09,1.04,-0.373,-0.106
231,2012,FL,Total,221096135.98,2012-01-01,23028603.0,220674333.0,9823193.583,10.434,71.892,0.417,55.09,1.04,-0.373,-0.106
232,2012,FL,Wood and Wood Derived Fuels,2057560.57,2012-01-01,23028603.0,220674333.0,9823193.583,10.434,71.892,0.417,55.09,1.04,-0.373,-0.106
233,2013,FL,Coal,46342554.72,2013-01-01,22678258.8,221919515.0,9950076.583,10.215,71.683,0.208,56.87,2.82,0.225,0.492
234,2013,FL,Hydroelectric Conventional,254214.03,2013-01-01,22678258.8,221919515.0,9950076.583,10.215,71.683,0.208,56.87,2.82,0.225,0.492
235,2013,FL,Natural Gas,138966368.55,2013-01-01,22678258.8,221919515.0,9950076.583,10.215,71.683,0.208,56.87,2.82,0.225,0.492
236,2013,FL,Nuclear,26525855.0,2013-01-01,22678258.8,221919515.0,9950076.583,10.215,71.683,0.208,56.87,2.82,0.225,0.492
237,2013,FL,Other,3086048.52,2013-01-01,22678258.8,221919515.0,9950076.583,10.215,71.683,0.208,56.87,2.82,0.225,0.492
238,2013,FL,Other Biomass,2309441.2,2013-01-01,22678258.8,221919515.0,9950076.583,10.215,71.683,0.208,56.87,2.82,0.225,0.492
239,2013,FL,Other Gases,4671.44,2013-01-01,22678258.8,221919515.0,9950076.583,10.215,71.683,0.208,56.87,2.82,0.225,0.492
240,2013,FL,Petroleum,2560466.19,2013-01-01,22678258.8,221919515.0,9950076.583,10.215,71.683,0.208,56.87,2.82,0.225,0.492
241,2013,FL,Solar Thermal and Photovoltaic,209901.99,2013-01-01,22678258.8,221919515.0,9950076.583,10.215,71.683,0.208,56.87,2.82,0.225,0.492
242,2013,FL,Total,222398923.99,2013-01-01,22678258.8,221919515.0,9950076.583,10.215,71.683,0.208,56.87,2.82,0.225,0.492
243,2013,FL,Wood and Wood Derived Fuels,2139402.43,2013-01-01,22678258.8,221919515.0,9950076.583,10.215,71.683,0.208,56.87,2.82,0.225,0.492
244,2014,FL,Coal,52045896.94,2014-01-01,24339336.2,226078111.0,10090564.167,10.759,70.642,-0.833,59.13,5.08,0.554,0.822
245,2014,FL,Hydroelectric Conventional,220988.09,2014-01-01,24339336.2,226078111.0,10090564.167,10.759,70.642,-0.833,59.13,5.08,0.554,0.822
246,2014,FL,Natural Gas,141001981.14,2014-01-01,24339336.2,226078111.0,10090564.167,10.759,70.642,-0.833,59.13,5.08,0.554,0.822
247,2014,FL,Nuclear,27868270.0,2014-01-01,24339336.2,226078111.0,10090564.167,10.759,70.642,-0.833,59.13,5.08,0.554,0.822
248,2014,FL,Other,2806549.98,2014-01-01,24339336.2,226078111.0,10090564.167,10.759,70.642,-0.833,59.13,5.08,0.554,0.822
249,2014,FL,Other Biomass,2310652.55,2014-01-01,24339336.2,226078111.0,10090564.167,10.759,70.642,-0.833,59.13,5.08,0.554,0.822
250,2014,FL,Other Gases,6669.45,2014-01-01,24339336.2,226078111.0,10090564.167,10.759,70.642,-0.833,59.13,5.08,0.554,0.822
251,2014,FL,Petroleum,1906170.62,2014-01-01,24339336.2,226078111.0,10090564.167,10.759,70.642,-0.833,59.13,5.08,0.554,0.822
252,2014,FL,Solar Thermal and Photovoltaic,241264.56,2014-01-01,24339336.2,226078111.0,10090564.167,10.759,70.642,-0.833,59.13,5.08,0.554,0.822
253,2014,FL,Total,231062160.32,2014-01-01,24339336.2,226078111.0,10090564.167,10.759,70.642,-0.833,59.13,5.08,0.554,0.822
254,2014,FL,Wood and Wood Derived Fuels,2653717.1,2014-01-01,24339336.2,226078111.0,10090564.167,10.759,70.642,-0.833,59.13,5.08,0.554,0.822
255,2015,FL,Coal,42904009.0,2015-01-01,24719443.0,235599398.0,10166666.833,10.494,73.358,1.883,52.86,-1.19,-0.809,-0.542
256,2015,FL,Hydroelectric Conventional,244294.0,2015-01-01,24719443.0,235599398.0,10166666.833,10.494,73.358,1.883,52.86,-1.19,-0.809,-0.542
257,2015,FL,Natural Gas,155824151.0,2015-01-01,24719443.0,235599398.0,10166666.833,10.494,73.358,1.883,52.86,-1.19,-0.809,-0.542
258,2015,FL,Nuclear,28121916.0,2015-01-01,24719443.0,235599398.0,10166666.833,10.494,73.358,1.883,52.86,-1.19,-0.809,-0.542
259,2015,FL,Other,3020545.0,2015-01-01,24719443.0,235599398.0,10166666.833,10.494,73.358,1.883,52.86,-1.19,-0.809,-0.542
260,2015,FL,Other Biomass,2501859.0,2015-01-01,24719443.0,235599398.0,10166666.833,10.494,73.358,1.883,52.86,-1.19,-0.809,-0.542
261,2015,FL,Other Gases,4774.0,2015-01-01,24719443.0,235599398.0,10166666.833,10.494,73.358,1.883,52.86,-1.19,-0.809,-0.542
262,2015,FL,Petroleum,2149515.0,2015-01-01,24719443.0,235599398.0,10166666.833,10.494,73.358,1.883,52.86,-1.19,-0.809,-0.542
263,2015,FL,Solar Thermal and Photovoltaic,223933.0,2015-01-01,24719443.0,235599398.0,10166666.833,10.494,73.358,1.883,52.86,-1.19,-0.809,-0.542
264,2015,FL,Total,237412634.0,2015-01-01,24719443.0,235599398.0,10166666.833,10.494,73.358,1.883,52.86,-1.19,-0.809,-0.542
265,2015,FL,Wood and Wood Derived Fuels,2417638.0,2015-01-01,24719443.0,235599398.0,10166666.833,10.494,73.358,1.883,52.86,-1.19,-0.809,-0.542
266,2016,FL,Coal,39429466.0,2016-01-01,23348418.2,235721821.0,10370271.5,9.904,72.467,0.992,53.41,-0.64,-0.481,-0.213
267,2016,FL,Hydroelectric Conventional,174550.0,2016-01-01,23348418.2,235721821.0,10370271.5,9.904,72.467,0.992,53.41,-0.64,-0.481,-0.213
268,2016,FL,Natural Gas,158495444.0,2016-01-01,23348418.2,235721821.0,10370271.5,9.904,72.467,0.992,53.41,-0.64,-0.481,-0.213
269,2016,FL,Nuclear,29320022.0,2016-01-01,23348418.2,235721821.0,10370271.5,9.904,72.467,0.992,53.41,-0.64,-0.481,-0.213
270,2016,FL,Other,3150526.0,2016-01-01,23348418.2,235721821.0,10370271.5,9.904,72.467,0.992,53.41,-0.64,-0.481,-0.213
271,2016,FL,Other Biomass,2671280.0,2016-01-01,23348418.2,235721821.0,10370271.5,9.904,72.467,0.992,53.41,-0.64,-0.481,-0.213
272,2016,FL,Other Gases,4716.0,2016-01-01,23348418.2,235721821.0,10370271.5,9.904,72.467,0.992,53.41,-0.64,-0.481,-0.213
273,2016,FL,Petroleum,2820303.0,2016-01-01,23348418.2,235721821.0,10370271.5,9.904,72.467,0.992,53.41,-0.64,-0.481,-0.213
274,2016,FL,Solar Thermal and Photovoltaic,223983.0,2016-01-01,23348418.2,235721821.0,10370271.5,9.904,72.467,0.992,53.41,-0.64,-0.481,-0.213
275,2016,FL,Total,238262150.0,2016-01-01,23348418.2,235721821.0,10370271.5,9.904,72.467,0.992,53.41,-0.64,-0.481,-0.213
276,2016,FL,Wood and Wood Derived Fuels,1971855.0,2016-01-01,23348418.2,235721821.0,10370271.5,9.904,72.467,0.992,53.41,-0.64,-0.481,-0.213
277,2017,FL,Coal,37512761.0,2017-01-01,24286138.9,233154549.0,10529932.25,10.406,72.842,1.367,58.63,4.58,0.02,0.288
278,2017,FL,Hydroelectric Conventional,218299.0,2017-01-01,24286138.9,233154549.0,10529932.25,10.406,72.842,1.367,58.63,4.58,0.02,0.288
279,2017,FL,Natural Gas,161104588.0,2017-01-01,24286138.9,233154549.0,10529932.25,10.406,72.842,1.367,58.63,4.58,0.02,0.288
280,2017,FL,Nuclear,29146219.0,2017-01-01,24286138.9,233154549.0,10529932.25,10.406,72.842,1.367,58.63,4.58,0.02,0.288
281,2017,FL,Other,3078160.0,2017-01-01,24286138.9,233154549.0,10529932.25,10.406,72.842,1.367,58.63,4.58,0.02,0.288
282,2017,FL,Other Biomass,2784877.0,2017-01-01,24286138.9,233154549.0,10529932.25,10.406,72.842,1.367,58.63,4.58,0.02,0.288
283,2017,FL,Other Gases,4904.0,2017-01-01,24286138.9,233154549.0,10529932.25,10.406,72.842,1.367,58.63,4.58,0.02,0.288
284,2017,FL,Petroleum,1462883.0,2017-01-01,24286138.9,233154549.0,10529932.25,10.406,72.842,1.367,58.63,4.58,0.02,0.288
285,2017,FL,Solar Thermal and Photovoltaic,876426.0,2017-01-01,24286138.9,233154549.0,10529932.25,10.406,72.842,1.367,58.63,4.58,0.02,0.288
286,2017,FL,Total,238413437.0,2017-01-01,24286138.9,233154549.0,10529932.25,10.406,72.842,1.367,58.63,4.58,0.02,0.288
287,2017,FL,Wood and Wood Derived Fuels,2224313.0,2017-01-01,24286138.9,233154549.0,10529932.25,10.406,72.842,1.367,58.63,4.58,0.02,0.288
288,2018,FL,Coal,30272202.0,2018-01-01,24649399.2,238993088.0,10673950.5,10.325,72.275,0.8,60.52,6.47,0.433,0.701
289,2018,FL,Hydroelectric Conventional,232575.0,2018-01-01,24649399.2,238993088.0,10673950.5,10.325,72.275,0.8,60.52,6.47,0.433,0.701
290,2018,FL,Natural Gas,171872214.0,2018-01-01,24649399.2,238993088.0,10673950.5,10.325,72.275,0.8,60.52,6.47,0.433,0.701
291,2018,FL,Nuclear,29312349.0,2018-01-01,24649399.2,238993088.0,10673950.5,10.325,72.275,0.8,60.52,6.47,0.433,0.701
292,2018,FL,Other,2983318.0,2018-01-01,24649399.2,238993088.0,10673950.5,10.325,72.275,0.8,60.52,6.47,0.433,0.701
293,2018,FL,Other Biomass,2568988.0,2018-01-01,24649399.2,238993088.0,10673950.5,10.325,72.275,0.8,60.52,6.47,0.433,0.701
294,2018,FL,Other Gases,5489.0,2018-01-01,24649399.2,238993088.0,10673950.5,10.325,72.275,0.8,60.52,6.47,0.433,0.701
295,2018,FL,Petroleum,2077360.0,2018-01-01,24649399.2,238993088.0,10673950.5,10.325,72.275,0.8,60.52,6.47,0.433,0.701
296,2018,FL,Solar Thermal and Photovoltaic,2412064.0,2018-01-01,24649399.2,238993088.0,10673950.5,10.325,72.275,0.8,60.52,6.47,0.433,0.701
297,2018,FL,Total,244252037.0,2018-01-01,24649399.2,238993088.0,10673950.5,10.325,72.275,0.8,60.52,6.47,0.433,0.701
298,2018,FL,Wood and Wood Derived Fuels,2515482.0,2018-01-01,24649399.2,238993088.0,10673950.5,10.325,72.275,0.8,60.52,6.47,0.433,0.701
299,2019,FL,Coal,21248195.0,2019-01-01,25103431.3,240347954.0,10830325.667,10.442,73.183,1.708,52.1,-1.95,-0.824,-0.557
300,2019,FL,Hydroelectric Conventional,209882.0,2019-01-01,25103431.3,240347954.0,10830325.667,10.442,73.183,1.708,52.1,-1.95,-0.824,-0.557
301,2019,FL,Natural Gas,182006844.0,2019-01-01,25103431.3,240347954.0,10830325.667,10.442,73.183,1.708,52.1,-1.95,-0.824,-0.557
302,2019,FL,Nuclear,29108066.0,2019-01-01,25103431.3,240347954.0,10830325.667,10.442,73.183,1.708,52.1,-1.95,-0.824,-0.557
303,2019,FL,Other,3154480.0,2019-01-01,25103431.3,240347954.0,10830325.667,10.442,73.183,1.708,52.1,-1.95,-0.824,-0.557
304,2019,FL,Other Biomass,2156182.0,2019-01-01,25103431.3,240347954.0,10830325.667,10.442,73.183,1.708,52.1,-1.95,-0.824,-0.557
305,2019,FL,Other Gases,160.0,2019-01-01,25103431.3,240347954.0,10830325.667,10.442,73.183,1.708,52.1,-1.95,-0.824,-0.557
306,2019,FL,Petroleum,1525284.0,2019-01-01,25103431.3,240347954.0,10830325.667,10.442,73.183,1.708,52.1,-1.95,-0.824,-0.557
307,2019,FL,Solar Thermal and Photovoltaic,3901447.0,2019-01-01,25103431.3,240347954.0,10830325.667,10.442,73.183,1.708,52.1,-1.95,-0.824,-0.557
308,2019,FL,Total,245603484.0,2019-01-01,25103431.3,240347954.0,10830325.667,10.442,73.183,1.708,52.1,-1.95,-0.824,-0.557
309,2019,FL,Wood and Wood Derived Fuels,2292953.0,2019-01-01,25103431.3,240347954.0,10830325.667,10.442,73.183,1.708,52.1,-1.95,-0.824,-0.557
310,2020,FL,Coal,16597727.0,2020-01-01,24394219.0,242440171.0,11010393.0,10.053,73.225,1.75,57.98,3.93,-0.062,0.206
311,2020,FL,Hydroelectric Conventional,231680.0,2020-01-01,24394219.0,242440171.0,11010393.0,10.053,73.225,1.75,57.98,3.93,-0.062,0.206
312,2020,FL,Natural Gas,189420463.0,2020-01-01,24394219.0,242440171.0,11010393.0,10.053,73.225,1.75,57.98,3.93,-0.062,0.206
313,2020,FL,Nuclear,29419352.0,2020-01-01,24394219.0,242440171.0,11010393.0,10.053,73.225,1.75,57.98,3.93,-0.062,0.206
314,2020,FL,Other,2921461.0,2020-01-01,24394219.0,242440171.0,11010393.0,10.053,73.225,1.75,57.98,3.93,-0.062,0.206
315,2020,FL,Other Biomass,2070851.0,2020-01-01,24394219.0,242440171.0,11010393.0,10.053,73.225,1.75,57.98,3.93,-0.062,0.206
316,2020,FL,Other Gases,93.0,2020-01-01,24394219.0,242440171.0,11010393.0,10.053,73.225,1.75,57.98,3.93,-0.062,0.206
317,2020,FL,Petroleum,1702037.0,2020-01-01,24394219.0,242440171.0,11010393.0,10.053,73.225,1.75,57.98,3.93,-0.062,0.206
318,2020,FL,Solar Thermal and Photovoltaic,6509601.0,2020-01-01,24394219.0,242440171.0,11010393.0,10.053,73.225,1.75,57.98,3.93,-0.062,0.206
319,2020,FL,Total,250827800.0,2020-01-01,24394219.0,242440171.0,11010393.0,10.053,73.225,1.75,57.98,3.93,-0.062,0.206
320,2020,FL,Wood and Wood Derived Fuels,1954532.0,2020-01-01,24394219.0,242440171.0,11010393.0,10.053,73.225,1.75,57.98,3.93,-0.062,0.206
321,2021,FL,Coal,18383151.0,2021-01-01,25916866.7,241060966.0,11119153.833,10.75,72.192,0.717,55.36,1.31,-0.018,0.249
322,2021,FL,Hydroelectric Conventional,220793.0,2021-01-01,25916866.7,241060966.0,11119153.833,10.75,72.192,0.717,55.36,1.31,-0.018,0.249
323,2021,FL,Natural Gas,180602180.0,2021-01-01,25916866.7,241060966.0,11119153.833,10.75,72.192,0.717,55.36,1.31,-0.018,0.249
324,2021,FL,Nuclear,28058287.0,2021-01-01,25916866.7,241060966.0,11119153.833,10.75,72.192,0.717,55.36,1.31,-0.018,0.249
325,2021,FL,Other,2699144.0,2021-01-01,25916866.7,241060966.0,11119153.833,10.75,72.192,0.717,55.36,1.31,-0.018,0.249
326,2021,FL,Other Biomass,2100341.0,2021-01-01,25916866.7,241060966.0,11119153.833,10.75,72.192,0.717,55.36,1.31,-0.018,0.249
327,2021,FL,Other Gases,137.0,2021-01-01,25916866.7,241060966.0,11119153.833,10.75,72.192,0.717,55.36,1.31,-0.018,0.249
328,2021,FL,Petroleum,1176488.0,2021-01-01,25916866.7,241060966.0,11119153.833,10.75,72.192,0.717,55.36,1.31,-0.018,0.249
329,2021,FL,Solar Thermal and Photovoltaic,9054891.0,2021-01-01,25916866.7,241060966.0,11119153.833,10.75,72.192,0.717,55.36,1.31,-0.018,0.249
330,2021,FL,Total,244401034.0,2021-01-01,25916866.7,241060966.0,11119153.833,10.75,72.192,0.717,55.36,1.31,-0.018,0.249
331,2021,FL,Wood and Wood Derived Fuels,2105619.0,2021-01-01,25916866.7,241060966.0,11119153.833,10.75,72.192,0.717,55.36,1.31,-0.018,0.249
