,Year,STATE,ENERGY SOURCE,GENERATION (MWh),Date,TOTAL_rev,TOTAL_sales,TOTAL_cust,TOTAL_price,Temperature,Delta from Mean Temp,Percipitation (in),Delta from Mean Pcp,Z-index Drought,Delta from Mean Z
0,1990,NV,Coal,15053277.0,1990-01-01,879817.0,16351894.0,0.0,5.368,50.042,-1.017,9.16,-0.94,-1.205,-0.825
1,1990,NV,Geothermal,761192.004,1990-01-01,879817.0,16351894.0,0.0,5.368,50.042,-1.017,9.16,-0.94,-1.205,-0.825
2,1990,NV,Hydroelectric Conventional,1735080.996,1990-01-01,879817.0,16351894.0,0.0,5.368,50.042,-1.017,9.16,-0.94,-1.205,-0.825
3,1990,NV,Natural Gas,2217027.0,1990-01-01,879817.0,16351894.0,0.0,5.368,50.042,-1.017,9.16,-0.94,-1.205,-0.825
4,1990,NV,Petroleum,284108.004,1990-01-01,879817.0,16351894.0,0.0,5.368,50.042,-1.017,9.16,-0.94,-1.205,-0.825
6,1991,NV,Coal,16365729.996,1991-01-01,931794.0,16625419.0,0.0,5.6,49.892,-1.167,10.07,-0.03,-0.469,-0.089
7,1991,NV,Geothermal,995408.004,1991-01-01,931794.0,16625419.0,0.0,5.6,49.892,-1.167,10.07,-0.03,-0.469,-0.089
8,1991,NV,Hydroelectric Conventional,2365050.0,1991-01-01,931794.0,16625419.0,0.0,5.6,49.892,-1.167,10.07,-0.03,-0.469,-0.089
9,1991,NV,Natural Gas,2094971.004,1991-01-01,931794.0,16625419.0,0.0,5.6,49.892,-1.167,10.07,-0.03,-0.469,-0.089
10,1991,NV,Other,1568.004,1991-01-01,931794.0,16625419.0,0.0,5.6,49.892,-1.167,10.07,-0.03,-0.469,-0.089
11,1991,NV,Petroleum,242477.004,1991-01-01,931794.0,16625419.0,0.0,5.6,49.892,-1.167,10.07,-0.03,-0.469,-0.089
13,1992,NV,Coal,16443168.996,1992-01-01,1006059.0,17696253.0,0.0,5.67,51.358,0.3,9.72,-0.38,-1.094,-0.714
14,1992,NV,Geothermal,1177971.996,1992-01-01,1006059.0,17696253.0,0.0,5.67,51.358,0.3,9.72,-0.38,-1.094,-0.714
15,1992,NV,Hydroelectric Conventional,1985691.0,1992-01-01,1006059.0,17696253.0,0.0,5.67,51.358,0.3,9.72,-0.38,-1.094,-0.714
16,1992,NV,Natural Gas,3392196.996,1992-01-01,1006059.0,17696253.0,0.0,5.67,51.358,0.3,9.72,-0.38,-1.094,-0.714
17,1992,NV,Other,20928.996,1992-01-01,1006059.0,17696253.0,0.0,5.67,51.358,0.3,9.72,-0.38,-1.094,-0.714
18,1992,NV,Petroleum,327585.0,1992-01-01,1006059.0,17696253.0,0.0,5.67,51.358,0.3,9.72,-0.38,-1.094,-0.714
20,1993,NV,Coal,15627860.004,1993-01-01,1086769.0,18498851.0,0.0,5.846,48.625,-2.433,10.79,0.69,0.773,1.153
21,1993,NV,Geothermal,1540055.004,1993-01-01,1086769.0,18498851.0,0.0,5.846,48.625,-2.433,10.79,0.69,0.773,1.153
22,1993,NV,Hydroelectric Conventional,1972179.996,1993-01-01,1086769.0,18498851.0,0.0,5.846,48.625,-2.433,10.79,0.69,0.773,1.153
23,1993,NV,Natural Gas,4033197.996,1993-01-01,1086769.0,18498851.0,0.0,5.846,48.625,-2.433,10.79,0.69,0.773,1.153
24,1993,NV,Other,2198.004,1993-01-01,1086769.0,18498851.0,0.0,5.846,48.625,-2.433,10.79,0.69,0.773,1.153
25,1993,NV,Petroleum,326981.004,1993-01-01,1086769.0,18498851.0,0.0,5.846,48.625,-2.433,10.79,0.69,0.773,1.153
27,1994,NV,Coal,15324714.0,1994-01-01,1276624.0,20036272.0,0.0,6.333,50.767,-0.292,9.53,-0.57,-0.968,-0.588
28,1994,NV,Geothermal,1494930.0,1994-01-01,1276624.0,20036272.0,0.0,6.333,50.767,-0.292,9.53,-0.57,-0.968,-0.588
29,1994,NV,Hydroelectric Conventional,1875888.996,1994-01-01,1276624.0,20036272.0,0.0,6.333,50.767,-0.292,9.53,-0.57,-0.968,-0.588
30,1994,NV,Natural Gas,5629626.0,1994-01-01,1276624.0,20036272.0,0.0,6.333,50.767,-0.292,9.53,-0.57,-0.968,-0.588
31,1994,NV,Other,24888.0,1994-01-01,1276624.0,20036272.0,0.0,6.333,50.767,-0.292,9.53,-0.57,-0.968,-0.588
32,1994,NV,Petroleum,167679.996,1994-01-01,1276624.0,20036272.0,0.0,6.333,50.767,-0.292,9.53,-0.57,-0.968,-0.588
34,1995,NV,Coal,13971824.004,1995-01-01,1260300.0,20659398.0,0.0,6.062,50.925,-0.133,13.75,3.65,2.012,2.392
35,1995,NV,Geothermal,1553696.004,1995-01-01,1260300.0,20659398.0,0.0,6.062,50.925,-0.133,13.75,3.65,2.012,2.392
36,1995,NV,Hydroelectric Conventional,1941534.0,1995-01-01,1260300.0,20659398.0,0.0,6.062,50.925,-0.133,13.75,3.65,2.012,2.392
37,1995,NV,Natural Gas,6443753.004,1995-01-01,1260300.0,20659398.0,0.0,6.062,50.925,-0.133,13.75,3.65,2.012,2.392
38,1995,NV,Other,26634.0,1995-01-01,1260300.0,20659398.0,0.0,6.062,50.925,-0.133,13.75,3.65,2.012,2.392
39,1995,NV,Petroleum,26553.0,1995-01-01,1260300.0,20659398.0,0.0,6.062,50.925,-0.133,13.75,3.65,2.012,2.392
41,1996,NV,Coal,14656868.004,1996-01-01,1342111.0,22574029.0,0.0,5.904,51.542,0.483,12.19,2.09,0.208,0.588
42,1996,NV,Geothermal,1554683.004,1996-01-01,1342111.0,22574029.0,0.0,5.904,51.542,0.483,12.19,2.09,0.208,0.588
43,1996,NV,Hydroelectric Conventional,2164467.0,1996-01-01,1342111.0,22574029.0,0.0,5.904,51.542,0.483,12.19,2.09,0.208,0.588
44,1996,NV,Natural Gas,7083255.996,1996-01-01,1342111.0,22574029.0,0.0,5.904,51.542,0.483,12.19,2.09,0.208,0.588
45,1996,NV,Other,25154.004,1996-01-01,1342111.0,22574029.0,0.0,5.904,51.542,0.483,12.19,2.09,0.208,0.588
46,1996,NV,Petroleum,95979.996,1996-01-01,1342111.0,22574029.0,0.0,5.904,51.542,0.483,12.19,2.09,0.208,0.588
48,1997,NV,Coal,15250605.996,1997-01-01,1357456.0,24219097.0,0.0,5.578,50.583,-0.475,10.01,-0.09,0.15,0.53
49,1997,NV,Geothermal,1596000.996,1997-01-01,1357456.0,24219097.0,0.0,5.578,50.583,-0.475,10.01,-0.09,0.15,0.53
50,1997,NV,Hydroelectric Conventional,2586974.004,1997-01-01,1357456.0,24219097.0,0.0,5.578,50.583,-0.475,10.01,-0.09,0.15,0.53
51,1997,NV,Natural Gas,7557813.996,1997-01-01,1357456.0,24219097.0,0.0,5.578,50.583,-0.475,10.01,-0.09,0.15,0.53
52,1997,NV,Other,8181.996,1997-01-01,1357456.0,24219097.0,0.0,5.578,50.583,-0.475,10.01,-0.09,0.15,0.53
53,1997,NV,Petroleum,31944.996,1997-01-01,1357456.0,24219097.0,0.0,5.578,50.583,-0.475,10.01,-0.09,0.15,0.53
55,1998,NV,Coal,17161341.0,1998-01-01,1442004.0,25037075.0,0.0,5.722,49.192,-1.867,16.91,6.81,2.89,3.27
56,1998,NV,Geothermal,1537094.004,1998-01-01,1442004.0,25037075.0,0.0,5.722,49.192,-1.867,16.91,6.81,2.89,3.27
57,1998,NV,Hydroelectric Conventional,3166325.004,1998-01-01,1442004.0,25037075.0,0.0,5.722,49.192,-1.867,16.91,6.81,2.89,3.27
58,1998,NV,Natural Gas,8690829.0,1998-01-01,1442004.0,25037075.0,0.0,5.722,49.192,-1.867,16.91,6.81,2.89,3.27
59,1998,NV,Other,6399.0,1998-01-01,1442004.0,25037075.0,0.0,5.722,49.192,-1.867,16.91,6.81,2.89,3.27
60,1998,NV,Petroleum,51531.996,1998-01-01,1442004.0,25037075.0,0.0,5.722,49.192,-1.867,16.91,6.81,2.89,3.27
62,1999,NV,Coal,16907529.996,1999-01-01,1555643.0,26253306.0,0.0,5.888,50.575,-0.483,7.74,-2.36,-0.936,-0.556
63,1999,NV,Geothermal,1414911.996,1999-01-01,1555643.0,26253306.0,0.0,5.888,50.575,-0.483,7.74,-2.36,-0.936,-0.556
64,1999,NV,Hydroelectric Conventional,2827671.0,1999-01-01,1555643.0,26253306.0,0.0,5.888,50.575,-0.483,7.74,-2.36,-0.936,-0.556
65,1999,NV,Natural Gas,9346541.004,1999-01-01,1555643.0,26253306.0,0.0,5.888,50.575,-0.483,7.74,-2.36,-0.936,-0.556
66,1999,NV,Petroleum,35477.004,1999-01-01,1555643.0,26253306.0,0.0,5.888,50.575,-0.483,7.74,-2.36,-0.936,-0.556
68,2000,NV,Coal,18931521.0,2000-01-01,1714709.0,27791690.0,0.0,6.138,51.483,0.425,10.48,0.38,-0.646,-0.266
69,2000,NV,Geothermal,1370790.996,2000-01-01,1714709.0,27791690.0,0.0,6.138,51.483,0.425,10.48,0.38,-0.646,-0.266
70,2000,NV,Hydroelectric Conventional,2429468.004,2000-01-01,1714709.0,27791690.0,0.0,6.138,51.483,0.425,10.48,0.38,-0.646,-0.266
71,2000,NV,Natural Gas,12667188.996,2000-01-01,1714709.0,27791690.0,0.0,6.138,51.483,0.425,10.48,0.38,-0.646,-0.266
72,2000,NV,Other,21152.004,2000-01-01,1714709.0,27791690.0,0.0,6.138,51.483,0.425,10.48,0.38,-0.646,-0.266
73,2000,NV,Petroleum,64794.0,2000-01-01,1714709.0,27791690.0,0.0,6.138,51.483,0.425,10.48,0.38,-0.646,-0.266
75,2001,NV,Coal,17736970.0,2001-01-01,2213452.0,28167292.0,0.0,7.766,51.558,0.5,8.93,-1.17,-1.129,-0.749
76,2001,NV,Geothermal,1199873.0,2001-01-01,2213452.0,28167292.0,0.0,7.766,51.558,0.5,8.93,-1.17,-1.129,-0.749
77,2001,NV,Hydroelectric Conventional,2513722.0,2001-01-01,2213452.0,28167292.0,0.0,7.766,51.558,0.5,8.93,-1.17,-1.129,-0.749
78,2001,NV,Natural Gas,11513773.0,2001-01-01,2213452.0,28167292.0,0.0,7.766,51.558,0.5,8.93,-1.17,-1.129,-0.749
79,2001,NV,Petroleum,911628.0,2001-01-01,2213452.0,28167292.0,0.0,7.766,51.558,0.5,8.93,-1.17,-1.129,-0.749
81,2002,NV,Coal,16413025.0,2002-01-01,2460243.0,29204271.0,0.0,8.36,50.8,-0.258,6.24,-3.86,-1.489,-1.109
82,2002,NV,Geothermal,1127283.0,2002-01-01,2460243.0,29204271.0,0.0,8.36,50.8,-0.258,6.24,-3.86,-1.489,-1.109
83,2002,NV,Hydroelectric Conventional,2267588.0,2002-01-01,2460243.0,29204271.0,0.0,8.36,50.8,-0.258,6.24,-3.86,-1.489,-1.109
84,2002,NV,Natural Gas,12210661.0,2002-01-01,2460243.0,29204271.0,0.0,8.36,50.8,-0.258,6.24,-3.86,-1.489,-1.109
85,2002,NV,Other Gases,44909.0,2002-01-01,2460243.0,29204271.0,0.0,8.36,50.8,-0.258,6.24,-3.86,-1.489,-1.109
86,2002,NV,Petroleum,25472.0,2002-01-01,2460243.0,29204271.0,0.0,8.36,50.8,-0.258,6.24,-3.86,-1.489,-1.109
88,2003,NV,Coal,17085959.0,2003-01-01,2498807.0,30131659.0,0.0,8.242,52.242,1.183,9.82,-0.28,-0.937,-0.557
89,2003,NV,Geothermal,1065711.0,2003-01-01,2498807.0,30131659.0,0.0,8.242,52.242,1.183,9.82,-0.28,-0.937,-0.557
90,2003,NV,Hydroelectric Conventional,1756705.0,2003-01-01,2498807.0,30131659.0,0.0,8.242,52.242,1.183,9.82,-0.28,-0.937,-0.557
91,2003,NV,Natural Gas,13252779.0,2003-01-01,2498807.0,30131659.0,0.0,8.242,52.242,1.183,9.82,-0.28,-0.937,-0.557
92,2003,NV,Other Gases,16941.0,2003-01-01,2498807.0,30131659.0,0.0,8.242,52.242,1.183,9.82,-0.28,-0.937,-0.557
93,2003,NV,Petroleum,16793.0,2003-01-01,2498807.0,30131659.0,0.0,8.242,52.242,1.183,9.82,-0.28,-0.937,-0.557
95,2004,NV,Coal,18257265.0,2004-01-01,2680696.0,31312306.0,0.0,8.484,50.833,-0.225,11.35,1.25,-0.009,0.371
96,2004,NV,Geothermal,1297504.0,2004-01-01,2680696.0,31312306.0,0.0,8.484,50.833,-0.225,11.35,1.25,-0.009,0.371
97,2004,NV,Hydroelectric Conventional,1615123.0,2004-01-01,2680696.0,31312306.0,0.0,8.484,50.833,-0.225,11.35,1.25,-0.009,0.371
98,2004,NV,Natural Gas,16380743.0,2004-01-01,2680696.0,31312306.0,0.0,8.484,50.833,-0.225,11.35,1.25,-0.009,0.371
99,2004,NV,Other Gases,21033.0,2004-01-01,2680696.0,31312306.0,0.0,8.484,50.833,-0.225,11.35,1.25,-0.009,0.371
100,2004,NV,Petroleum,95770.0,2004-01-01,2680696.0,31312306.0,0.0,8.484,50.833,-0.225,11.35,1.25,-0.009,0.371
102,2005,NV,Coal,18384261.0,2005-01-01,2932254.0,32500631.0,0.0,8.97,50.667,-0.392,13.55,3.45,1.805,2.185
103,2005,NV,Geothermal,1262707.0,2005-01-01,2932254.0,32500631.0,0.0,8.97,50.667,-0.392,13.55,3.45,1.805,2.185
104,2005,NV,Hydroelectric Conventional,1702379.0,2005-01-01,2932254.0,32500631.0,0.0,8.97,50.667,-0.392,13.55,3.45,1.805,2.185
105,2005,NV,Natural Gas,18835621.0,2005-01-01,2932254.0,32500631.0,0.0,8.97,50.667,-0.392,13.55,3.45,1.805,2.185
106,2005,NV,Other Gases,8279.0,2005-01-01,2932254.0,32500631.0,0.0,8.97,50.667,-0.392,13.55,3.45,1.805,2.185
107,2005,NV,Petroleum,20499.0,2005-01-01,2932254.0,32500631.0,0.0,8.97,50.667,-0.392,13.55,3.45,1.805,2.185
109,2006,NV,Coal,7253521.0,2006-01-01,3329774.0,34586261.0,0.0,9.537,50.792,-0.267,9.67,-0.43,-0.05,0.33
110,2006,NV,Geothermal,1343712.0,2006-01-01,3329774.0,34586261.0,0.0,9.537,50.792,-0.267,9.67,-0.43,-0.05,0.33
111,2006,NV,Hydroelectric Conventional,2057628.0,2006-01-01,3329774.0,34586261.0,0.0,9.537,50.792,-0.267,9.67,-0.43,-0.05,0.33
112,2006,NV,Natural Gas,21184133.0,2006-01-01,3329774.0,34586261.0,0.0,9.537,50.792,-0.267,9.67,-0.43,-0.05,0.33
113,2006,NV,Other Gases,3682.0,2006-01-01,3329774.0,34586261.0,0.0,9.537,50.792,-0.267,9.67,-0.43,-0.05,0.33
114,2006,NV,Petroleum,17346.0,2006-01-01,3329774.0,34586261.0,0.0,9.537,50.792,-0.267,9.67,-0.43,-0.05,0.33
116,2007,NV,Coal,7090911.0,2007-01-01,3559405.0,35643402.0,1177106.417,9.883,51.525,0.467,7.59,-2.51,-1.903,-1.523
117,2007,NV,Geothermal,1252691.0,2007-01-01,3559405.0,35643402.0,1177106.417,9.883,51.525,0.467,7.59,-2.51,-1.903,-1.523
118,2007,NV,Hydroelectric Conventional,2003192.0,2007-01-01,3559405.0,35643402.0,1177106.417,9.883,51.525,0.467,7.59,-2.51,-1.903,-1.523
119,2007,NV,Natural Gas,22263270.0,2007-01-01,3559405.0,35643402.0,1177106.417,9.883,51.525,0.467,7.59,-2.51,-1.903,-1.523
120,2007,NV,Other Gases,4256.0,2007-01-01,3559405.0,35643402.0,1177106.417,9.883,51.525,0.467,7.59,-2.51,-1.903,-1.523
121,2007,NV,Petroleum,11449.0,2007-01-01,3559405.0,35643402.0,1177106.417,9.883,51.525,0.467,7.59,-2.51,-1.903,-1.523
122,2007,NV,Solar Thermal and Photovoltaic,43966.0,2007-01-01,3559405.0,35643402.0,1177106.417,9.883,51.525,0.467,7.59,-2.51,-1.903,-1.523
124,2008,NV,Coal,7812353.0,2008-01-01,3479665.0,35192497.0,1211050.0,9.833,50.417,-0.642,7.69,-2.41,-0.992,-0.613
125,2008,NV,Geothermal,1382821.0,2008-01-01,3479665.0,35192497.0,1211050.0,9.833,50.417,-0.642,7.69,-2.41,-0.992,-0.613
126,2008,NV,Hydroelectric Conventional,1750620.0,2008-01-01,3479665.0,35192497.0,1211050.0,9.833,50.417,-0.642,7.69,-2.41,-0.992,-0.613
127,2008,NV,Natural Gas,23971911.0,2008-01-01,3479665.0,35192497.0,1211050.0,9.833,50.417,-0.642,7.69,-2.41,-0.992,-0.613
128,2008,NV,Other Gases,1987.0,2008-01-01,3479665.0,35192497.0,1211050.0,9.833,50.417,-0.642,7.69,-2.41,-0.992,-0.613
129,2008,NV,Petroleum,14270.0,2008-01-01,3479665.0,35192497.0,1211050.0,9.833,50.417,-0.642,7.69,-2.41,-0.992,-0.613
130,2008,NV,Solar Thermal and Photovoltaic,156012.0,2008-01-01,3479665.0,35192497.0,1211050.0,9.833,50.417,-0.642,7.69,-2.41,-0.992,-0.613
132,2009,NV,Coal,7539937.0,2009-01-01,3552664.0,34283655.0,1212212.0,10.241,50.367,-0.692,9.22,-0.88,-0.734,-0.354
133,2009,NV,Geothermal,1633212.0,2009-01-01,3552664.0,34283655.0,1212212.0,10.241,50.367,-0.692,9.22,-0.88,-0.734,-0.354
134,2009,NV,Hydroelectric Conventional,2460596.0,2009-01-01,3552664.0,34283655.0,1212212.0,10.241,50.367,-0.692,9.22,-0.88,-0.734,-0.354
135,2009,NV,Natural Gas,25877621.0,2009-01-01,3552664.0,34283655.0,1212212.0,10.241,50.367,-0.692,9.22,-0.88,-0.734,-0.354
136,2009,NV,Other Gases,2386.0,2009-01-01,3552664.0,34283655.0,1212212.0,10.241,50.367,-0.692,9.22,-0.88,-0.734,-0.354
137,2009,NV,Petroleum,16185.0,2009-01-01,3552664.0,34283655.0,1212212.0,10.241,50.367,-0.692,9.22,-0.88,-0.734,-0.354
138,2009,NV,Solar Thermal and Photovoltaic,174309.0,2009-01-01,3552664.0,34283655.0,1212212.0,10.241,50.367,-0.692,9.22,-0.88,-0.734,-0.354
140,2009,NV,Wood and Wood Derived Fuels,889.0,2009-01-01,3552664.0,34283655.0,1212212.0,10.241,50.367,-0.692,9.22,-0.88,-0.734,-0.354
141,2010,NV,Coal,6997302.0,2010-01-01,3285779.0,33772597.0,1216473.25,9.607,50.05,-1.008,13.06,2.96,0.702,1.082
142,2010,NV,Geothermal,2069729.0,2010-01-01,3285779.0,33772597.0,1216473.25,9.607,50.05,-1.008,13.06,2.96,0.702,1.082
143,2010,NV,Hydroelectric Conventional,2157297.0,2010-01-01,3285779.0,33772597.0,1216473.25,9.607,50.05,-1.008,13.06,2.96,0.702,1.082
144,2010,NV,Natural Gas,23688193.0,2010-01-01,3285779.0,33772597.0,1216473.25,9.607,50.05,-1.008,13.06,2.96,0.702,1.082
145,2010,NV,Other,0.0,2010-01-01,3285779.0,33772597.0,1216473.25,9.607,50.05,-1.008,13.06,2.96,0.702,1.082
146,2010,NV,Other Gases,5654.0,2010-01-01,3285779.0,33772597.0,1216473.25,9.607,50.05,-1.008,13.06,2.96,0.702,1.082
147,2010,NV,Petroleum,11158.0,2010-01-01,3285779.0,33772597.0,1216473.25,9.607,50.05,-1.008,13.06,2.96,0.702,1.082
148,2010,NV,Solar Thermal and Photovoltaic,216916.0,2010-01-01,3285779.0,33772597.0,1216473.25,9.607,50.05,-1.008,13.06,2.96,0.702,1.082
150,2010,NV,Wood and Wood Derived Fuels,0.0,2010-01-01,3285779.0,33772597.0,1216473.25,9.607,50.05,-1.008,13.06,2.96,0.702,1.082
151,2011,NV,Coal,5407304.31,2011-01-01,3041197.0,33916480.0,1226844.5,8.842,49.567,-1.492,8.62,-1.48,0.527,0.907
152,2011,NV,Geothermal,2146119.01,2011-01-01,3041197.0,33916480.0,1226844.5,8.842,49.567,-1.492,8.62,-1.48,0.527,0.907
153,2011,NV,Hydroelectric Conventional,2190583.03,2011-01-01,3041197.0,33916480.0,1226844.5,8.842,49.567,-1.492,8.62,-1.48,0.527,0.907
154,2011,NV,Natural Gas,21841396.55,2011-01-01,3041197.0,33916480.0,1226844.5,8.842,49.567,-1.492,8.62,-1.48,0.527,0.907
155,2011,NV,Other,37817.01,2011-01-01,3041197.0,33916480.0,1226844.5,8.842,49.567,-1.492,8.62,-1.48,0.527,0.907
156,2011,NV,Other Gases,7260.88,2011-01-01,3041197.0,33916480.0,1226844.5,8.842,49.567,-1.492,8.62,-1.48,0.527,0.907
157,2011,NV,Petroleum,14212.67,2011-01-01,3041197.0,33916480.0,1226844.5,8.842,49.567,-1.492,8.62,-1.48,0.527,0.907
158,2011,NV,Solar Thermal and Photovoltaic,291224.51,2011-01-01,3041197.0,33916480.0,1226844.5,8.842,49.567,-1.492,8.62,-1.48,0.527,0.907
160,2012,NV,Coal,4079431.64,2012-01-01,3147510.0,35179918.0,1240254.333,8.825,52.358,1.3,8.89,-1.21,-1.592,-1.212
161,2012,NV,Geothermal,2347464.8,2012-01-01,3147510.0,35179918.0,1240254.333,8.825,52.358,1.3,8.89,-1.21,-1.592,-1.212
162,2012,NV,Hydroelectric Conventional,2440415.02,2012-01-01,3147510.0,35179918.0,1240254.333,8.825,52.358,1.3,8.89,-1.21,-1.592,-1.212
163,2012,NV,Natural Gas,25646658.28,2012-01-01,3147510.0,35179918.0,1240254.333,8.825,52.358,1.3,8.89,-1.21,-1.592,-1.212
164,2012,NV,Other,11929.01,2012-01-01,3147510.0,35179918.0,1240254.333,8.825,52.358,1.3,8.89,-1.21,-1.592,-1.212
165,2012,NV,Other Biomass,18961.0,2012-01-01,3147510.0,35179918.0,1240254.333,8.825,52.358,1.3,8.89,-1.21,-1.592,-1.212
166,2012,NV,Other Gases,7324.26,2012-01-01,3147510.0,35179918.0,1240254.333,8.825,52.358,1.3,8.89,-1.21,-1.592,-1.212
167,2012,NV,Petroleum,18874.71,2012-01-01,3147510.0,35179918.0,1240254.333,8.825,52.358,1.3,8.89,-1.21,-1.592,-1.212
168,2012,NV,Solar Thermal and Photovoltaic,473416.54,2012-01-01,3147510.0,35179918.0,1240254.333,8.825,52.358,1.3,8.89,-1.21,-1.592,-1.212
170,2012,NV,Wind,128788.0,2012-01-01,3147510.0,35179918.0,1240254.333,8.825,52.358,1.3,8.89,-1.21,-1.592,-1.212
171,2012,NV,Wood and Wood Derived Fuels,0.0,2012-01-01,3147510.0,35179918.0,1240254.333,8.825,52.358,1.3,8.89,-1.21,-1.592,-1.212
172,2013,NV,Coal,5254553.26,2013-01-01,3180001.22,35211215.1,1256907.417,8.91,50.492,-0.567,7.46,-2.64,-1.367,-0.987
173,2013,NV,Geothermal,2669953.1,2013-01-01,3180001.22,35211215.1,1256907.417,8.91,50.492,-0.567,7.46,-2.64,-1.367,-0.987
174,2013,NV,Hydroelectric Conventional,2681943.01,2013-01-01,3180001.22,35211215.1,1256907.417,8.91,50.492,-0.567,7.46,-2.64,-1.367,-0.987
175,2013,NV,Natural Gas,24766633.18,2013-01-01,3180001.22,35211215.1,1256907.417,8.91,50.492,-0.567,7.46,-2.64,-1.367,-0.987
176,2013,NV,Other,25388.63,2013-01-01,3180001.22,35211215.1,1256907.417,8.91,50.492,-0.567,7.46,-2.64,-1.367,-0.987
177,2013,NV,Other Biomass,24277.0,2013-01-01,3180001.22,35211215.1,1256907.417,8.91,50.492,-0.567,7.46,-2.64,-1.367,-0.987
178,2013,NV,Other Gases,6304.15,2013-01-01,3180001.22,35211215.1,1256907.417,8.91,50.492,-0.567,7.46,-2.64,-1.367,-0.987
179,2013,NV,Petroleum,18890.31,2013-01-01,3180001.22,35211215.1,1256907.417,8.91,50.492,-0.567,7.46,-2.64,-1.367,-0.987
180,2013,NV,Solar Thermal and Photovoltaic,745382.01,2013-01-01,3180001.22,35211215.1,1256907.417,8.91,50.492,-0.567,7.46,-2.64,-1.367,-0.987
182,2013,NV,Wind,250549.0,2013-01-01,3180001.22,35211215.1,1256907.417,8.91,50.492,-0.567,7.46,-2.64,-1.367,-0.987
183,2013,NV,Wood and Wood Derived Fuels,0.0,2013-01-01,3180001.22,35211215.1,1256907.417,8.91,50.492,-0.567,7.46,-2.64,-1.367,-0.987
184,2014,NV,Coal,6547863.59,2014-01-01,3411237.95,35075605.9,1272206.25,9.587,53.033,1.975,9.92,-0.18,-1.349,-0.969
185,2014,NV,Geothermal,3005712.29,2014-01-01,3411237.95,35075605.9,1272206.25,9.587,53.033,1.975,9.92,-0.18,-1.349,-0.969
186,2014,NV,Hydroelectric Conventional,2409234.36,2014-01-01,3411237.95,35075605.9,1272206.25,9.587,53.033,1.975,9.92,-0.18,-1.349,-0.969
187,2014,NV,Natural Gas,22832592.8,2014-01-01,3411237.95,35075605.9,1272206.25,9.587,53.033,1.975,9.92,-0.18,-1.349,-0.969
188,2014,NV,Other,24417.11,2014-01-01,3411237.95,35075605.9,1272206.25,9.587,53.033,1.975,9.92,-0.18,-1.349,-0.969
189,2014,NV,Other Biomass,24565.06,2014-01-01,3411237.95,35075605.9,1272206.25,9.587,53.033,1.975,9.92,-0.18,-1.349,-0.969
190,2014,NV,Other Gases,5151.38,2014-01-01,3411237.95,35075605.9,1272206.25,9.587,53.033,1.975,9.92,-0.18,-1.349,-0.969
191,2014,NV,Petroleum,15346.66,2014-01-01,3411237.95,35075605.9,1272206.25,9.587,53.033,1.975,9.92,-0.18,-1.349,-0.969
192,2014,NV,Solar Thermal and Photovoltaic,1027621.62,2014-01-01,3411237.95,35075605.9,1272206.25,9.587,53.033,1.975,9.92,-0.18,-1.349,-0.969
194,2014,NV,Wind,300134.0,2014-01-01,3411237.95,35075605.9,1272206.25,9.587,53.033,1.975,9.92,-0.18,-1.349,-0.969
195,2014,NV,Wood and Wood Derived Fuels,0.0,2014-01-01,3411237.95,35075605.9,1272206.25,9.587,53.033,1.975,9.92,-0.18,-1.349,-0.969
196,2015,NV,Coal,2657288.0,2015-01-01,3412921.91,36019690.0,1290391.333,9.362,52.892,1.833,11.34,1.24,-1.272,-0.892
197,2015,NV,Geothermal,3110505.0,2015-01-01,3412921.91,36019690.0,1290391.333,9.362,52.892,1.833,11.34,1.24,-1.272,-0.892
198,2015,NV,Hydroelectric Conventional,2264136.0,2015-01-01,3412921.91,36019690.0,1290391.333,9.362,52.892,1.833,11.34,1.24,-1.272,-0.892
199,2015,NV,Natural Gas,28999514.0,2015-01-01,3412921.91,36019690.0,1290391.333,9.362,52.892,1.833,11.34,1.24,-1.272,-0.892
200,2015,NV,Other,1012.0,2015-01-01,3412921.91,36019690.0,1290391.333,9.362,52.892,1.833,11.34,1.24,-1.272,-0.892
201,2015,NV,Other Biomass,25694.0,2015-01-01,3412921.91,36019690.0,1290391.333,9.362,52.892,1.833,11.34,1.24,-1.272,-0.892
202,2015,NV,Other Gases,5522.0,2015-01-01,3412921.91,36019690.0,1290391.333,9.362,52.892,1.833,11.34,1.24,-1.272,-0.892
203,2015,NV,Petroleum,15982.0,2015-01-01,3412921.91,36019690.0,1290391.333,9.362,52.892,1.833,11.34,1.24,-1.272,-0.892
204,2015,NV,Solar Thermal and Photovoltaic,1657407.0,2015-01-01,3412921.91,36019690.0,1290391.333,9.362,52.892,1.833,11.34,1.24,-1.272,-0.892
206,2015,NV,Wind,309724.0,2015-01-01,3412921.91,36019690.0,1290391.333,9.362,52.892,1.833,11.34,1.24,-1.272,-0.892
207,2016,NV,Coal,2166832.0,2016-01-01,3030715.44,36144630.0,1308913.583,8.276,51.933,0.875,11.15,1.05,-0.095,0.285
208,2016,NV,Geothermal,3353399.0,2016-01-01,3030715.44,36144630.0,1308913.583,8.276,51.933,0.875,11.15,1.05,-0.095,0.285
209,2016,NV,Hydroelectric Conventional,1789221.0,2016-01-01,3030715.44,36144630.0,1308913.583,8.276,51.933,0.875,11.15,1.05,-0.095,0.285
210,2016,NV,Natural Gas,28921612.0,2016-01-01,3030715.44,36144630.0,1308913.583,8.276,51.933,0.875,11.15,1.05,-0.095,0.285
211,2016,NV,Other,21029.0,2016-01-01,3030715.44,36144630.0,1308913.583,8.276,51.933,0.875,11.15,1.05,-0.095,0.285
212,2016,NV,Other Biomass,55264.0,2016-01-01,3030715.44,36144630.0,1308913.583,8.276,51.933,0.875,11.15,1.05,-0.095,0.285
213,2016,NV,Other Gases,742.0,2016-01-01,3030715.44,36144630.0,1308913.583,8.276,51.933,0.875,11.15,1.05,-0.095,0.285
214,2016,NV,Petroleum,10988.0,2016-01-01,3030715.44,36144630.0,1308913.583,8.276,51.933,0.875,11.15,1.05,-0.095,0.285
215,2016,NV,Solar Thermal and Photovoltaic,3124060.0,2016-01-01,3030715.44,36144630.0,1308913.583,8.276,51.933,0.875,11.15,1.05,-0.095,0.285
217,2016,NV,Wind,343865.0,2016-01-01,3030715.44,36144630.0,1308913.583,8.276,51.933,0.875,11.15,1.05,-0.095,0.285
218,2017,NV,Coal,1865590.0,2017-01-01,3211681.65,36657786.2,1429904.167,8.642,52.217,1.158,11.17,1.07,0.299,0.679
219,2017,NV,Geothermal,3291872.0,2017-01-01,3211681.65,36657786.2,1429904.167,8.642,52.217,1.158,11.17,1.07,0.299,0.679
220,2017,NV,Hydroelectric Conventional,1812702.0,2017-01-01,3211681.65,36657786.2,1429904.167,8.642,52.217,1.158,11.17,1.07,0.299,0.679
221,2017,NV,Natural Gas,26625906.0,2017-01-01,3211681.65,36657786.2,1429904.167,8.642,52.217,1.158,11.17,1.07,0.299,0.679
222,2017,NV,Other,31566.0,2017-01-01,3211681.65,36657786.2,1429904.167,8.642,52.217,1.158,11.17,1.07,0.299,0.679
223,2017,NV,Other Biomass,57681.0,2017-01-01,3211681.65,36657786.2,1429904.167,8.642,52.217,1.158,11.17,1.07,0.299,0.679
224,2017,NV,Other Gases,0.0,2017-01-01,3211681.65,36657786.2,1429904.167,8.642,52.217,1.158,11.17,1.07,0.299,0.679
225,2017,NV,Petroleum,8747.0,2017-01-01,3211681.65,36657786.2,1429904.167,8.642,52.217,1.158,11.17,1.07,0.299,0.679
226,2017,NV,Solar Thermal and Photovoltaic,4145867.0,2017-01-01,3211681.65,36657786.2,1429904.167,8.642,52.217,1.158,11.17,1.07,0.299,0.679
228,2017,NV,Wind,361364.0,2017-01-01,3211681.65,36657786.2,1429904.167,8.642,52.217,1.158,11.17,1.07,0.299,0.679
229,2018,NV,Coal,2485047.0,2018-01-01,3277128.44,37780262.9,1352087.333,8.57,52.008,0.95,9.27,-0.83,-1.459,-1.079
230,2018,NV,Geothermal,3461982.0,2018-01-01,3277128.44,37780262.9,1352087.333,8.57,52.008,0.95,9.27,-0.83,-1.459,-1.079
231,2018,NV,Hydroelectric Conventional,1881266.0,2018-01-01,3277128.44,37780262.9,1352087.333,8.57,52.008,0.95,9.27,-0.83,-1.459,-1.079
232,2018,NV,Natural Gas,26688611.0,2018-01-01,3277128.44,37780262.9,1352087.333,8.57,52.008,0.95,9.27,-0.83,-1.459,-1.079
233,2018,NV,Other,28782.0,2018-01-01,3277128.44,37780262.9,1352087.333,8.57,52.008,0.95,9.27,-0.83,-1.459,-1.079
234,2018,NV,Other Biomass,53068.0,2018-01-01,3277128.44,37780262.9,1352087.333,8.57,52.008,0.95,9.27,-0.83,-1.459,-1.079
235,2018,NV,Other Gases,0.0,2018-01-01,3277128.44,37780262.9,1352087.333,8.57,52.008,0.95,9.27,-0.83,-1.459,-1.079
236,2018,NV,Petroleum,10245.0,2018-01-01,3277128.44,37780262.9,1352087.333,8.57,52.008,0.95,9.27,-0.83,-1.459,-1.079
237,2018,NV,Solar Thermal and Photovoltaic,4718896.0,2018-01-01,3277128.44,37780262.9,1352087.333,8.57,52.008,0.95,9.27,-0.83,-1.459,-1.079
239,2018,NV,Wind,312349.0,2018-01-01,3277128.44,37780262.9,1352087.333,8.57,52.008,0.95,9.27,-0.83,-1.459,-1.079
240,2019,NV,Coal,2735459.0,2019-01-01,3247118.25,36982385.9,1375888.083,8.656,49.875,-1.183,13.81,3.71,1.496,1.876
241,2019,NV,Geothermal,3909124.0,2019-01-01,3247118.25,36982385.9,1375888.083,8.656,49.875,-1.183,13.81,3.71,1.496,1.876
242,2019,NV,Hydroelectric Conventional,2242058.0,2019-01-01,3247118.25,36982385.9,1375888.083,8.656,49.875,-1.183,13.81,3.71,1.496,1.876
243,2019,NV,Natural Gas,25774966.0,2019-01-01,3247118.25,36982385.9,1375888.083,8.656,49.875,-1.183,13.81,3.71,1.496,1.876
244,2019,NV,Other,21519.0,2019-01-01,3247118.25,36982385.9,1375888.083,8.656,49.875,-1.183,13.81,3.71,1.496,1.876
245,2019,NV,Other Biomass,54282.0,2019-01-01,3247118.25,36982385.9,1375888.083,8.656,49.875,-1.183,13.81,3.71,1.496,1.876
246,2019,NV,Other Gases,0.0,2019-01-01,3247118.25,36982385.9,1375888.083,8.656,49.875,-1.183,13.81,3.71,1.496,1.876
247,2019,NV,Petroleum,12344.0,2019-01-01,3247118.25,36982385.9,1375888.083,8.656,49.875,-1.183,13.81,3.71,1.496,1.876
248,2019,NV,Solar Thermal and Photovoltaic,4810513.0,2019-01-01,3247118.25,36982385.9,1375888.083,8.656,49.875,-1.183,13.81,3.71,1.496,1.876
250,2019,NV,Wind,329400.0,2019-01-01,3247118.25,36982385.9,1375888.083,8.656,49.875,-1.183,13.81,3.71,1.496,1.876
251,2020,NV,Coal,1953201.0,2020-01-01,3186540.06,38233899.0,1399626.0,8.236,52.442,1.383,5.86,-4.24,-1.903,-1.523
252,2020,NV,Geothermal,3800921.0,2020-01-01,3186540.06,38233899.0,1399626.0,8.236,52.442,1.383,5.86,-4.24,-1.903,-1.523
253,2020,NV,Hydroelectric Conventional,1923366.0,2020-01-01,3186540.06,38233899.0,1399626.0,8.236,52.442,1.383,5.86,-4.24,-1.903,-1.523
254,2020,NV,Natural Gas,26801321.0,2020-01-01,3186540.06,38233899.0,1399626.0,8.236,52.442,1.383,5.86,-4.24,-1.903,-1.523
255,2020,NV,Other,25805.0,2020-01-01,3186540.06,38233899.0,1399626.0,8.236,52.442,1.383,5.86,-4.24,-1.903,-1.523
256,2020,NV,Other Biomass,54243.0,2020-01-01,3186540.06,38233899.0,1399626.0,8.236,52.442,1.383,5.86,-4.24,-1.903,-1.523
257,2020,NV,Other Gases,0.0,2020-01-01,3186540.06,38233899.0,1399626.0,8.236,52.442,1.383,5.86,-4.24,-1.903,-1.523
258,2020,NV,Petroleum,6266.0,2020-01-01,3186540.06,38233899.0,1399626.0,8.236,52.442,1.383,5.86,-4.24,-1.903,-1.523
259,2020,NV,Solar Thermal and Photovoltaic,5534819.0,2020-01-01,3186540.06,38233899.0,1399626.0,8.236,52.442,1.383,5.86,-4.24,-1.903,-1.523
261,2020,NV,Wind,324803.0,2020-01-01,3186540.06,38233899.0,1399626.0,8.236,52.442,1.383,5.86,-4.24,-1.903,-1.523
262,2021,NV,Coal,2752474.0,2021-01-01,3388354.59,39235090.3,1424324.5,8.527,52.558,1.5,9.58,-0.52,-1.229,-0.849
263,2021,NV,Geothermal,3927766.0,2021-01-01,3388354.59,39235090.3,1424324.5,8.527,52.558,1.5,9.58,-0.52,-1.229,-0.849
264,2021,NV,Hydroelectric Conventional,1951739.0,2021-01-01,3388354.59,39235090.3,1424324.5,8.527,52.558,1.5,9.58,-0.52,-1.229,-0.849
265,2021,NV,Natural Gas,26163595.0,2021-01-01,3388354.59,39235090.3,1424324.5,8.527,52.558,1.5,9.58,-0.52,-1.229,-0.849
266,2021,NV,Other,27358.0,2021-01-01,3388354.59,39235090.3,1424324.5,8.527,52.558,1.5,9.58,-0.52,-1.229,-0.849
267,2021,NV,Other Biomass,60939.0,2021-01-01,3388354.59,39235090.3,1424324.5,8.527,52.558,1.5,9.58,-0.52,-1.229,-0.849
268,2021,NV,Other Gases,0.0,2021-01-01,3388354.59,39235090.3,1424324.5,8.527,52.558,1.5,9.58,-0.52,-1.229,-0.849
269,2021,NV,Petroleum,8014.0,2021-01-01,3388354.59,39235090.3,1424324.5,8.527,52.558,1.5,9.58,-0.52,-1.229,-0.849
270,2021,NV,Solar Thermal and Photovoltaic,6648356.0,2021-01-01,3388354.59,39235090.3,1424324.5,8.527,52.558,1.5,9.58,-0.52,-1.229,-0.849
272,2021,NV,Wind,339944.0,2021-01-01,3388354.59,39235090.3,1424324.5,8.527,52.558,1.5,9.58,-0.52,-1.229,-0.849
