,Year,STATE,ENERGY SOURCE,GENERATION (MWh),Date,TOTAL_rev,TOTAL_sales,TOTAL_cust,TOTAL_price,Temperature,Delta from Mean Temp,Percipitation (in),Delta from Mean Pcp,Z-index Drought,Delta from Mean Z
0,1990,TX,Coal,120921396.0,1990-01-01,13714615.0,237415126.0,0.0,5.749,65.608,-0.175,31.44,2.77,0.307,0.288
1,1990,TX,Hydroelectric Conventional,1793625.0,1990-01-01,13714615.0,237415126.0,0.0,5.749,65.608,-0.175,31.44,2.77,0.307,0.288
2,1990,TX,Natural Gas,136234325.004,1990-01-01,13714615.0,237415126.0,0.0,5.749,65.608,-0.175,31.44,2.77,0.307,0.288
3,1990,TX,Nuclear,15859257.996,1990-01-01,13714615.0,237415126.0,0.0,5.749,65.608,-0.175,31.44,2.77,0.307,0.288
4,1990,TX,Other,488730.996,1990-01-01,13714615.0,237415126.0,0.0,5.749,65.608,-0.175,31.44,2.77,0.307,0.288
5,1990,TX,Other Biomass,333132.0,1990-01-01,13714615.0,237415126.0,0.0,5.749,65.608,-0.175,31.44,2.77,0.307,0.288
6,1990,TX,Other Gases,2997509.004,1990-01-01,13714615.0,237415126.0,0.0,5.749,65.608,-0.175,31.44,2.77,0.307,0.288
7,1990,TX,Petroleum,1827803.004,1990-01-01,13714615.0,237415126.0,0.0,5.749,65.608,-0.175,31.44,2.77,0.307,0.288
8,1990,TX,Solar Thermal and Photovoltaic,384.996,1990-01-01,13714615.0,237415126.0,0.0,5.749,65.608,-0.175,31.44,2.77,0.307,0.288
10,1990,TX,Wood and Wood Derived Fuels,1103471.004,1990-01-01,13714615.0,237415126.0,0.0,5.749,65.608,-0.175,31.44,2.77,0.307,0.288
11,1991,TX,Coal,120845051.004,1991-01-01,14554446.0,240351789.0,0.0,6.034,64.758,-1.025,37.2,8.53,1.343,1.324
12,1991,TX,Hydroelectric Conventional,2224581.0,1991-01-01,14554446.0,240351789.0,0.0,6.034,64.758,-1.025,37.2,8.53,1.343,1.324
13,1991,TX,Natural Gas,136442892.996,1991-01-01,14554446.0,240351789.0,0.0,6.034,64.758,-1.025,37.2,8.53,1.343,1.324
14,1991,TX,Nuclear,19799867.004,1991-01-01,14554446.0,240351789.0,0.0,6.034,64.758,-1.025,37.2,8.53,1.343,1.324
15,1991,TX,Other,705801.0,1991-01-01,14554446.0,240351789.0,0.0,6.034,64.758,-1.025,37.2,8.53,1.343,1.324
16,1991,TX,Other Biomass,330029.004,1991-01-01,14554446.0,240351789.0,0.0,6.034,64.758,-1.025,37.2,8.53,1.343,1.324
17,1991,TX,Other Gases,3320535.0,1991-01-01,14554446.0,240351789.0,0.0,6.034,64.758,-1.025,37.2,8.53,1.343,1.324
18,1991,TX,Petroleum,1492995.0,1991-01-01,14554446.0,240351789.0,0.0,6.034,64.758,-1.025,37.2,8.53,1.343,1.324
19,1991,TX,Solar Thermal and Photovoltaic,371.004,1991-01-01,14554446.0,240351789.0,0.0,6.034,64.758,-1.025,37.2,8.53,1.343,1.324
21,1991,TX,Wood and Wood Derived Fuels,1166585.004,1991-01-01,14554446.0,240351789.0,0.0,6.034,64.758,-1.025,37.2,8.53,1.343,1.324
22,1992,TX,Coal,121395162.0,1992-01-01,14740048.0,239431038.0,0.0,6.134,64.392,-1.392,33.6,4.93,1.671,1.652
23,1992,TX,Hydroelectric Conventional,2638164.0,1992-01-01,14740048.0,239431038.0,0.0,6.134,64.392,-1.392,33.6,4.93,1.671,1.652
24,1992,TX,Natural Gas,134639387.004,1992-01-01,14740048.0,239431038.0,0.0,6.134,64.392,-1.392,33.6,4.93,1.671,1.652
25,1992,TX,Nuclear,24496392.0,1992-01-01,14740048.0,239431038.0,0.0,6.134,64.392,-1.392,33.6,4.93,1.671,1.652
26,1992,TX,Other,324978.0,1992-01-01,14740048.0,239431038.0,0.0,6.134,64.392,-1.392,33.6,4.93,1.671,1.652
27,1992,TX,Other Biomass,340652.004,1992-01-01,14740048.0,239431038.0,0.0,6.134,64.392,-1.392,33.6,4.93,1.671,1.652
28,1992,TX,Other Gases,3527112.0,1992-01-01,14740048.0,239431038.0,0.0,6.134,64.392,-1.392,33.6,4.93,1.671,1.652
29,1992,TX,Petroleum,1628160.996,1992-01-01,14740048.0,239431038.0,0.0,6.134,64.392,-1.392,33.6,4.93,1.671,1.652
30,1992,TX,Solar Thermal and Photovoltaic,369.0,1992-01-01,14740048.0,239431038.0,0.0,6.134,64.392,-1.392,33.6,4.93,1.671,1.652
32,1992,TX,Wood and Wood Derived Fuels,1301936.004,1992-01-01,14740048.0,239431038.0,0.0,6.134,64.392,-1.392,33.6,4.93,1.671,1.652
33,1993,TX,Coal,131046002.004,1993-01-01,15983914.0,250084414.0,0.0,6.344,64.083,-1.7,27.37,-1.3,0.609,0.59
34,1993,TX,Hydroelectric Conventional,1786404.996,1993-01-01,15983914.0,250084414.0,0.0,6.344,64.083,-1.7,27.37,-1.3,0.609,0.59
35,1993,TX,Natural Gas,147294114.0,1993-01-01,15983914.0,250084414.0,0.0,6.344,64.083,-1.7,27.37,-1.3,0.609,0.59
36,1993,TX,Nuclear,12406773.996,1993-01-01,15983914.0,250084414.0,0.0,6.344,64.083,-1.7,27.37,-1.3,0.609,0.59
37,1993,TX,Other,401130.0,1993-01-01,15983914.0,250084414.0,0.0,6.344,64.083,-1.7,27.37,-1.3,0.609,0.59
38,1993,TX,Other Biomass,368232.0,1993-01-01,15983914.0,250084414.0,0.0,6.344,64.083,-1.7,27.37,-1.3,0.609,0.59
39,1993,TX,Other Gases,3281370.0,1993-01-01,15983914.0,250084414.0,0.0,6.344,64.083,-1.7,27.37,-1.3,0.609,0.59
40,1993,TX,Petroleum,1854468.0,1993-01-01,15983914.0,250084414.0,0.0,6.344,64.083,-1.7,27.37,-1.3,0.609,0.59
41,1993,TX,Solar Thermal and Photovoltaic,366.0,1993-01-01,15983914.0,250084414.0,0.0,6.344,64.083,-1.7,27.37,-1.3,0.609,0.59
43,1993,TX,Wood and Wood Derived Fuels,1249854.0,1993-01-01,15983914.0,250084414.0,0.0,6.344,64.083,-1.7,27.37,-1.3,0.609,0.59
44,1994,TX,Coal,125145657.0,1994-01-01,16576969.0,258179736.0,0.0,6.382,65.575,-0.208,29.31,0.64,0.009,-0.01
45,1994,TX,Hydroelectric Conventional,1530435.996,1994-01-01,16576969.0,258179736.0,0.0,6.382,65.575,-0.208,29.31,0.64,0.009,-0.01
46,1994,TX,Natural Gas,144440568.0,1994-01-01,16576969.0,258179736.0,0.0,6.382,65.575,-0.208,29.31,0.64,0.009,-0.01
47,1994,TX,Nuclear,28745474.004,1994-01-01,16576969.0,258179736.0,0.0,6.382,65.575,-0.208,29.31,0.64,0.009,-0.01
48,1994,TX,Other,239259.996,1994-01-01,16576969.0,258179736.0,0.0,6.382,65.575,-0.208,29.31,0.64,0.009,-0.01
49,1994,TX,Other Biomass,388272.996,1994-01-01,16576969.0,258179736.0,0.0,6.382,65.575,-0.208,29.31,0.64,0.009,-0.01
50,1994,TX,Other Gases,3539454.0,1994-01-01,16576969.0,258179736.0,0.0,6.382,65.575,-0.208,29.31,0.64,0.009,-0.01
51,1994,TX,Petroleum,1959891.0,1994-01-01,16576969.0,258179736.0,0.0,6.382,65.575,-0.208,29.31,0.64,0.009,-0.01
52,1994,TX,Solar Thermal and Photovoltaic,293.004,1994-01-01,16576969.0,258179736.0,0.0,6.382,65.575,-0.208,29.31,0.64,0.009,-0.01
54,1994,TX,Wood and Wood Derived Fuels,1190217.996,1994-01-01,16576969.0,258179736.0,0.0,6.382,65.575,-0.208,29.31,0.64,0.009,-0.01
55,1995,TX,Coal,124716948.0,1995-01-01,16065915.0,263278590.0,0.0,6.102,65.217,-0.567,27.68,-0.99,0.522,0.502
56,1995,TX,Hydroelectric Conventional,1703348.004,1995-01-01,16065915.0,263278590.0,0.0,6.102,65.217,-0.567,27.68,-0.99,0.522,0.502
57,1995,TX,Natural Gas,146978708.004,1995-01-01,16065915.0,263278590.0,0.0,6.102,65.217,-0.567,27.68,-0.99,0.522,0.502
58,1995,TX,Nuclear,36151325.004,1995-01-01,16065915.0,263278590.0,0.0,6.102,65.217,-0.567,27.68,-0.99,0.522,0.502
59,1995,TX,Other,789563.004,1995-01-01,16065915.0,263278590.0,0.0,6.102,65.217,-0.567,27.68,-0.99,0.522,0.502
60,1995,TX,Other Biomass,74760.0,1995-01-01,16065915.0,263278590.0,0.0,6.102,65.217,-0.567,27.68,-0.99,0.522,0.502
61,1995,TX,Other Gases,4276154.004,1995-01-01,16065915.0,263278590.0,0.0,6.102,65.217,-0.567,27.68,-0.99,0.522,0.502
62,1995,TX,Petroleum,1607795.004,1995-01-01,16065915.0,263278590.0,0.0,6.102,65.217,-0.567,27.68,-0.99,0.522,0.502
63,1995,TX,Solar Thermal and Photovoltaic,252.996,1995-01-01,16065915.0,263278590.0,0.0,6.102,65.217,-0.567,27.68,-0.99,0.522,0.502
65,1995,TX,Wood and Wood Derived Fuels,1337391.996,1995-01-01,16065915.0,263278590.0,0.0,6.102,65.217,-0.567,27.68,-0.99,0.522,0.502
66,1996,TX,Coal,135849108.0,1996-01-01,17150704.0,278449580.0,0.0,6.122,65.442,-0.342,24.6,-4.07,-1.1,-1.119
67,1996,TX,Hydroelectric Conventional,959841.996,1996-01-01,17150704.0,278449580.0,0.0,6.122,65.442,-0.342,24.6,-4.07,-1.1,-1.119
68,1996,TX,Natural Gas,148033016.004,1996-01-01,17150704.0,278449580.0,0.0,6.122,65.442,-0.342,24.6,-4.07,-1.1,-1.119
69,1996,TX,Nuclear,35766549.996,1996-01-01,17150704.0,278449580.0,0.0,6.122,65.442,-0.342,24.6,-4.07,-1.1,-1.119
70,1996,TX,Other,572508.0,1996-01-01,17150704.0,278449580.0,0.0,6.122,65.442,-0.342,24.6,-4.07,-1.1,-1.119
71,1996,TX,Other Biomass,82731.996,1996-01-01,17150704.0,278449580.0,0.0,6.122,65.442,-0.342,24.6,-4.07,-1.1,-1.119
72,1996,TX,Other Gases,4408854.0,1996-01-01,17150704.0,278449580.0,0.0,6.122,65.442,-0.342,24.6,-4.07,-1.1,-1.119
73,1996,TX,Petroleum,1911860.004,1996-01-01,17150704.0,278449580.0,0.0,6.122,65.442,-0.342,24.6,-4.07,-1.1,-1.119
74,1996,TX,Solar Thermal and Photovoltaic,260.004,1996-01-01,17150704.0,278449580.0,0.0,6.122,65.442,-0.342,24.6,-4.07,-1.1,-1.119
76,1996,TX,Wind,82572.0,1996-01-01,17150704.0,278449580.0,0.0,6.122,65.442,-0.342,24.6,-4.07,-1.1,-1.119
77,1996,TX,Wood and Wood Derived Fuels,1281630.996,1996-01-01,17150704.0,278449580.0,0.0,6.122,65.442,-0.342,24.6,-4.07,-1.1,-1.119
78,1997,TX,Coal,138491102.004,1997-01-01,17675895.0,286703508.0,0.0,6.142,63.925,-1.858,34.19,5.52,1.351,1.332
79,1997,TX,Hydroelectric Conventional,1790750.004,1997-01-01,17675895.0,286703508.0,0.0,6.142,63.925,-1.858,34.19,5.52,1.351,1.332
80,1997,TX,Natural Gas,151504767.996,1997-01-01,17675895.0,286703508.0,0.0,6.142,63.925,-1.858,34.19,5.52,1.351,1.332
81,1997,TX,Nuclear,37357647.0,1997-01-01,17675895.0,286703508.0,0.0,6.142,63.925,-1.858,34.19,5.52,1.351,1.332
82,1997,TX,Other,404237.004,1997-01-01,17675895.0,286703508.0,0.0,6.142,63.925,-1.858,34.19,5.52,1.351,1.332
83,1997,TX,Other Biomass,88899.0,1997-01-01,17675895.0,286703508.0,0.0,6.142,63.925,-1.858,34.19,5.52,1.351,1.332
84,1997,TX,Other Gases,3705248.004,1997-01-01,17675895.0,286703508.0,0.0,6.142,63.925,-1.858,34.19,5.52,1.351,1.332
85,1997,TX,Petroleum,1523835.996,1997-01-01,17675895.0,286703508.0,0.0,6.142,63.925,-1.858,34.19,5.52,1.351,1.332
86,1997,TX,Solar Thermal and Photovoltaic,212.004,1997-01-01,17675895.0,286703508.0,0.0,6.142,63.925,-1.858,34.19,5.52,1.351,1.332
88,1997,TX,Wind,81054.0,1997-01-01,17675895.0,286703508.0,0.0,6.142,63.925,-1.858,34.19,5.52,1.351,1.332
89,1997,TX,Wood and Wood Derived Fuels,1371756.996,1997-01-01,17675895.0,286703508.0,0.0,6.142,63.925,-1.858,34.19,5.52,1.351,1.332
90,1998,TX,Coal,135426024.996,1998-01-01,18486480.0,304704766.0,0.0,6.016,67.017,1.233,27.99,-0.68,-0.188,-0.208
91,1998,TX,Hydroelectric Conventional,1424820.996,1998-01-01,18486480.0,304704766.0,0.0,6.016,67.017,1.233,27.99,-0.68,-0.188,-0.208
92,1998,TX,Natural Gas,172143924.0,1998-01-01,18486480.0,304704766.0,0.0,6.016,67.017,1.233,27.99,-0.68,-0.188,-0.208
93,1998,TX,Nuclear,38685129.0,1998-01-01,18486480.0,304704766.0,0.0,6.016,67.017,1.233,27.99,-0.68,-0.188,-0.208
94,1998,TX,Other,553334.004,1998-01-01,18486480.0,304704766.0,0.0,6.016,67.017,1.233,27.99,-0.68,-0.188,-0.208
95,1998,TX,Other Biomass,94344.996,1998-01-01,18486480.0,304704766.0,0.0,6.016,67.017,1.233,27.99,-0.68,-0.188,-0.208
96,1998,TX,Other Gases,4077714.996,1998-01-01,18486480.0,304704766.0,0.0,6.016,67.017,1.233,27.99,-0.68,-0.188,-0.208
97,1998,TX,Petroleum,1580091.996,1998-01-01,18486480.0,304704766.0,0.0,6.016,67.017,1.233,27.99,-0.68,-0.188,-0.208
98,1998,TX,Solar Thermal and Photovoltaic,134.004,1998-01-01,18486480.0,304704766.0,0.0,6.016,67.017,1.233,27.99,-0.68,-0.188,-0.208
100,1998,TX,Wind,80036.004,1998-01-01,18486480.0,304704766.0,0.0,6.016,67.017,1.233,27.99,-0.68,-0.188,-0.208
101,1998,TX,Wood and Wood Derived Fuels,1254609.0,1998-01-01,18486480.0,304704766.0,0.0,6.016,67.017,1.233,27.99,-0.68,-0.188,-0.208
102,1999,TX,Coal,140864898.996,1999-01-01,18243044.0,301844182.0,0.0,6.012,66.608,0.825,22.05,-6.62,-0.624,-0.643
103,1999,TX,Hydroelectric Conventional,1120206.0,1999-01-01,18243044.0,301844182.0,0.0,6.012,66.608,0.825,22.05,-6.62,-0.624,-0.643
104,1999,TX,Natural Gas,172060773.0,1999-01-01,18243044.0,301844182.0,0.0,6.012,66.608,0.825,22.05,-6.62,-0.624,-0.643
105,1999,TX,Nuclear,36759899.004,1999-01-01,18243044.0,301844182.0,0.0,6.012,66.608,0.825,22.05,-6.62,-0.624,-0.643
106,1999,TX,Other,895076.004,1999-01-01,18243044.0,301844182.0,0.0,6.012,66.608,0.825,22.05,-6.62,-0.624,-0.643
107,1999,TX,Other Biomass,74465.004,1999-01-01,18243044.0,301844182.0,0.0,6.012,66.608,0.825,22.05,-6.62,-0.624,-0.643
108,1999,TX,Other Gases,3971925.0,1999-01-01,18243044.0,301844182.0,0.0,6.012,66.608,0.825,22.05,-6.62,-0.624,-0.643
109,1999,TX,Petroleum,1750919.004,1999-01-01,18243044.0,301844182.0,0.0,6.012,66.608,0.825,22.05,-6.62,-0.624,-0.643
110,1999,TX,Solar Thermal and Photovoltaic,86.004,1999-01-01,18243044.0,301844182.0,0.0,6.012,66.608,0.825,22.05,-6.62,-0.624,-0.643
112,1999,TX,Wind,319959.996,1999-01-01,18243044.0,301844182.0,0.0,6.012,66.608,0.825,22.05,-6.62,-0.624,-0.643
113,1999,TX,Wood and Wood Derived Fuels,1126536.0,1999-01-01,18243044.0,301844182.0,0.0,6.012,66.608,0.825,22.05,-6.62,-0.624,-0.643
114,2000,TX,Coal,140671964.004,2000-01-01,20642249.0,318262528.0,0.0,6.433,66.483,0.7,27.83,-0.84,-0.866,-0.885
115,2000,TX,Hydroelectric Conventional,828963.0,2000-01-01,20642249.0,318262528.0,0.0,6.433,66.483,0.7,27.83,-0.84,-0.866,-0.885
116,2000,TX,Natural Gas,188733294.996,2000-01-01,20642249.0,318262528.0,0.0,6.433,66.483,0.7,27.83,-0.84,-0.866,-0.885
117,2000,TX,Nuclear,37555806.996,2000-01-01,20642249.0,318262528.0,0.0,6.433,66.483,0.7,27.83,-0.84,-0.866,-0.885
118,2000,TX,Other,1568040.0,2000-01-01,20642249.0,318262528.0,0.0,6.433,66.483,0.7,27.83,-0.84,-0.866,-0.885
119,2000,TX,Other Biomass,126174.0,2000-01-01,20642249.0,318262528.0,0.0,6.433,66.483,0.7,27.83,-0.84,-0.866,-0.885
120,2000,TX,Other Gases,3798047.004,2000-01-01,20642249.0,318262528.0,0.0,6.433,66.483,0.7,27.83,-0.84,-0.866,-0.885
121,2000,TX,Petroleum,2815641.996,2000-01-01,20642249.0,318262528.0,0.0,6.433,66.483,0.7,27.83,-0.84,-0.866,-0.885
122,2000,TX,Solar Thermal and Photovoltaic,41.004,2000-01-01,20642249.0,318262528.0,0.0,6.433,66.483,0.7,27.83,-0.84,-0.866,-0.885
124,2000,TX,Wind,492146.004,2000-01-01,20642249.0,318262528.0,0.0,6.433,66.483,0.7,27.83,-0.84,-0.866,-0.885
125,2000,TX,Wood and Wood Derived Fuels,1152246.0,2000-01-01,20642249.0,318262528.0,0.0,6.433,66.483,0.7,27.83,-0.84,-0.866,-0.885
126,2001,TX,Coal,135099921.0,2001-01-01,23483506.0,318044174.0,0.0,7.331,65.7,-0.083,29.11,0.44,0.327,0.308
127,2001,TX,Hydroelectric Conventional,1200334.0,2001-01-01,23483506.0,318044174.0,0.0,7.331,65.7,-0.083,29.11,0.44,0.327,0.308
128,2001,TX,Natural Gas,190110982.0,2001-01-01,23483506.0,318044174.0,0.0,7.331,65.7,-0.083,29.11,0.44,0.327,0.308
129,2001,TX,Nuclear,38162863.0,2001-01-01,23483506.0,318044174.0,0.0,7.331,65.7,-0.083,29.11,0.44,0.327,0.308
130,2001,TX,Other,1447233.0,2001-01-01,23483506.0,318044174.0,0.0,7.331,65.7,-0.083,29.11,0.44,0.327,0.308
131,2001,TX,Other Biomass,95828.0,2001-01-01,23483506.0,318044174.0,0.0,7.331,65.7,-0.083,29.11,0.44,0.327,0.308
132,2001,TX,Other Gases,1574325.0,2001-01-01,23483506.0,318044174.0,0.0,7.331,65.7,-0.083,29.11,0.44,0.327,0.308
133,2001,TX,Petroleum,2803403.0,2001-01-01,23483506.0,318044174.0,0.0,7.331,65.7,-0.083,29.11,0.44,0.327,0.308
134,2001,TX,Solar Thermal and Photovoltaic,-5.0,2001-01-01,23483506.0,318044174.0,0.0,7.331,65.7,-0.083,29.11,0.44,0.327,0.308
136,2001,TX,Wind,1187510.0,2001-01-01,23483506.0,318044174.0,0.0,7.331,65.7,-0.083,29.11,0.44,0.327,0.308
137,2001,TX,Wood and Wood Derived Fuels,897611.0,2001-01-01,23483506.0,318044174.0,0.0,7.331,65.7,-0.083,29.11,0.44,0.327,0.308
138,2002,TX,Coal,141847241.0,2002-01-01,21250575.0,320845849.0,0.0,6.614,65.025,-0.758,30.65,1.98,0.302,0.283
139,2002,TX,Hydroelectric Conventional,1123494.0,2002-01-01,21250575.0,320845849.0,0.0,6.614,65.025,-0.758,30.65,1.98,0.302,0.283
140,2002,TX,Natural Gas,196433408.0,2002-01-01,21250575.0,320845849.0,0.0,6.614,65.025,-0.758,30.65,1.98,0.302,0.283
141,2002,TX,Nuclear,35618004.0,2002-01-01,21250575.0,320845849.0,0.0,6.614,65.025,-0.758,30.65,1.98,0.302,0.283
142,2002,TX,Other,1957186.0,2002-01-01,21250575.0,320845849.0,0.0,6.614,65.025,-0.758,30.65,1.98,0.302,0.283
143,2002,TX,Other Biomass,245686.0,2002-01-01,21250575.0,320845849.0,0.0,6.614,65.025,-0.758,30.65,1.98,0.302,0.283
144,2002,TX,Other Gases,3052993.0,2002-01-01,21250575.0,320845849.0,0.0,6.614,65.025,-0.758,30.65,1.98,0.302,0.283
145,2002,TX,Petroleum,1620963.0,2002-01-01,21250575.0,320845849.0,0.0,6.614,65.025,-0.758,30.65,1.98,0.302,0.283
147,2002,TX,Wind,2656104.0,2002-01-01,21250575.0,320845849.0,0.0,6.614,65.025,-0.758,30.65,1.98,0.302,0.283
148,2002,TX,Wood and Wood Derived Fuels,1073461.0,2002-01-01,21250575.0,320845849.0,0.0,6.614,65.025,-0.758,30.65,1.98,0.302,0.283
149,2003,TX,Coal,146989511.0,2003-01-01,24210705.0,322685955.0,0.0,7.443,65.5,-0.283,24.2,-4.47,-0.439,-0.458
150,2003,TX,Hydroelectric Conventional,896539.0,2003-01-01,24210705.0,322685955.0,0.0,7.443,65.5,-0.283,24.2,-4.47,-0.439,-0.458
151,2003,TX,Natural Gas,184911350.0,2003-01-01,24210705.0,322685955.0,0.0,7.443,65.5,-0.283,24.2,-4.47,-0.439,-0.458
152,2003,TX,Nuclear,33437484.0,2003-01-01,24210705.0,322685955.0,0.0,7.443,65.5,-0.283,24.2,-4.47,-0.439,-0.458
153,2003,TX,Other,484320.0,2003-01-01,24210705.0,322685955.0,0.0,7.443,65.5,-0.283,24.2,-4.47,-0.439,-0.458
154,2003,TX,Other Biomass,359726.0,2003-01-01,24210705.0,322685955.0,0.0,7.443,65.5,-0.283,24.2,-4.47,-0.439,-0.458
155,2003,TX,Other Gases,5999490.0,2003-01-01,24210705.0,322685955.0,0.0,7.443,65.5,-0.283,24.2,-4.47,-0.439,-0.458
156,2003,TX,Petroleum,2515257.0,2003-01-01,24210705.0,322685955.0,0.0,7.443,65.5,-0.283,24.2,-4.47,-0.439,-0.458
158,2003,TX,Wind,2569852.0,2003-01-01,24210705.0,322685955.0,0.0,7.443,65.5,-0.283,24.2,-4.47,-0.439,-0.458
159,2003,TX,Wood and Wood Derived Fuels,1036162.0,2003-01-01,24210705.0,322685955.0,0.0,7.443,65.5,-0.283,24.2,-4.47,-0.439,-0.458
160,2004,TX,Coal,148884655.0,2004-01-01,25482301.0,320614841.0,0.0,7.887,65.242,-0.542,39.36,10.69,1.686,1.667
161,2004,TX,Hydroelectric Conventional,1300609.0,2004-01-01,25482301.0,320614841.0,0.0,7.887,65.242,-0.542,39.36,10.69,1.686,1.667
162,2004,TX,Natural Gas,188754664.0,2004-01-01,25482301.0,320614841.0,0.0,7.887,65.242,-0.542,39.36,10.69,1.686,1.667
163,2004,TX,Nuclear,40435372.0,2004-01-01,25482301.0,320614841.0,0.0,7.887,65.242,-0.542,39.36,10.69,1.686,1.667
164,2004,TX,Other,744556.0,2004-01-01,25482301.0,320614841.0,0.0,7.887,65.242,-0.542,39.36,10.69,1.686,1.667
165,2004,TX,Other Biomass,251780.0,2004-01-01,25482301.0,320614841.0,0.0,7.887,65.242,-0.542,39.36,10.69,1.686,1.667
166,2004,TX,Other Gases,4203684.0,2004-01-01,25482301.0,320614841.0,0.0,7.887,65.242,-0.542,39.36,10.69,1.686,1.667
167,2004,TX,Petroleum,1728906.0,2004-01-01,25482301.0,320614841.0,0.0,7.887,65.242,-0.542,39.36,10.69,1.686,1.667
169,2004,TX,Wind,3137690.0,2004-01-01,25482301.0,320614841.0,0.0,7.887,65.242,-0.542,39.36,10.69,1.686,1.667
170,2004,TX,Wood and Wood Derived Fuels,857217.0,2004-01-01,25482301.0,320614841.0,0.0,7.887,65.242,-0.542,39.36,10.69,1.686,1.667
171,2005,TX,Coal,148358023.0,2005-01-01,30563772.0,334258264.0,0.0,9.062,65.967,0.183,22.2,-6.47,-0.562,-0.581
172,2005,TX,Hydroelectric Conventional,1332560.0,2005-01-01,30563772.0,334258264.0,0.0,9.062,65.967,0.183,22.2,-6.47,-0.562,-0.581
173,2005,TX,Natural Gas,197665258.0,2005-01-01,30563772.0,334258264.0,0.0,9.062,65.967,0.183,22.2,-6.47,-0.562,-0.581
174,2005,TX,Nuclear,38232493.0,2005-01-01,30563772.0,334258264.0,0.0,9.062,65.967,0.183,22.2,-6.47,-0.562,-0.581
175,2005,TX,Other,890313.0,2005-01-01,30563772.0,334258264.0,0.0,9.062,65.967,0.183,22.2,-6.47,-0.562,-0.581
176,2005,TX,Other Biomass,246705.0,2005-01-01,30563772.0,334258264.0,0.0,9.062,65.967,0.183,22.2,-6.47,-0.562,-0.581
177,2005,TX,Other Gases,3271770.0,2005-01-01,30563772.0,334258264.0,0.0,9.062,65.967,0.183,22.2,-6.47,-0.562,-0.581
178,2005,TX,Petroleum,1582696.0,2005-01-01,30563772.0,334258264.0,0.0,9.062,65.967,0.183,22.2,-6.47,-0.562,-0.581
180,2005,TX,Wind,4237211.0,2005-01-01,30563772.0,334258264.0,0.0,9.062,65.967,0.183,22.2,-6.47,-0.562,-0.581
181,2005,TX,Wood and Wood Derived Fuels,851697.0,2005-01-01,30563772.0,334258264.0,0.0,9.062,65.967,0.183,22.2,-6.47,-0.562,-0.581
182,2006,TX,Coal,146391341.0,2006-01-01,35448235.0,342724213.0,0.0,10.287,67.117,1.333,25.13,-3.54,-1.428,-1.448
183,2006,TX,Hydroelectric Conventional,661970.0,2006-01-01,35448235.0,342724213.0,0.0,10.287,67.117,1.333,25.13,-3.54,-1.428,-1.448
184,2006,TX,Natural Gas,197870235.0,2006-01-01,35448235.0,342724213.0,0.0,10.287,67.117,1.333,25.13,-3.54,-1.428,-1.448
185,2006,TX,Nuclear,41264278.0,2006-01-01,35448235.0,342724213.0,0.0,10.287,67.117,1.333,25.13,-3.54,-1.428,-1.448
186,2006,TX,Other,989208.0,2006-01-01,35448235.0,342724213.0,0.0,10.287,67.117,1.333,25.13,-3.54,-1.428,-1.448
187,2006,TX,Other Biomass,255701.0,2006-01-01,35448235.0,342724213.0,0.0,10.287,67.117,1.333,25.13,-3.54,-1.428,-1.448
188,2006,TX,Other Gases,3798403.0,2006-01-01,35448235.0,342724213.0,0.0,10.287,67.117,1.333,25.13,-3.54,-1.428,-1.448
189,2006,TX,Petroleum,1789183.0,2006-01-01,35448235.0,342724213.0,0.0,10.287,67.117,1.333,25.13,-3.54,-1.428,-1.448
191,2006,TX,Wind,6670515.0,2006-01-01,35448235.0,342724213.0,0.0,10.287,67.117,1.333,25.13,-3.54,-1.428,-1.448
192,2006,TX,Wood and Wood Derived Fuels,892045.0,2006-01-01,35448235.0,342724213.0,0.0,10.287,67.117,1.333,25.13,-3.54,-1.428,-1.448
193,2007,TX,Coal,147278890.0,2007-01-01,34772753.0,343828582.0,7902559.583,10.095,64.842,-0.942,36.2,7.53,2.048,2.029
194,2007,TX,Hydroelectric Conventional,1644435.0,2007-01-01,34772753.0,343828582.0,7902559.583,10.095,64.842,-0.942,36.2,7.53,2.048,2.029
195,2007,TX,Natural Gas,199531281.0,2007-01-01,34772753.0,343828582.0,7902559.583,10.095,64.842,-0.942,36.2,7.53,2.048,2.029
196,2007,TX,Nuclear,40955030.0,2007-01-01,34772753.0,343828582.0,7902559.583,10.095,64.842,-0.942,36.2,7.53,2.048,2.029
197,2007,TX,Other,884931.0,2007-01-01,34772753.0,343828582.0,7902559.583,10.095,64.842,-0.942,36.2,7.53,2.048,2.029
198,2007,TX,Other Biomass,367066.0,2007-01-01,34772753.0,343828582.0,7902559.583,10.095,64.842,-0.942,36.2,7.53,2.048,2.029
199,2007,TX,Other Gases,3601213.0,2007-01-01,34772753.0,343828582.0,7902559.583,10.095,64.842,-0.942,36.2,7.53,2.048,2.029
200,2007,TX,Petroleum,1308903.0,2007-01-01,34772753.0,343828582.0,7902559.583,10.095,64.842,-0.942,36.2,7.53,2.048,2.029
202,2007,TX,Wind,9006382.0,2007-01-01,34772753.0,343828582.0,7902559.583,10.095,64.842,-0.942,36.2,7.53,2.048,2.029
203,2007,TX,Wood and Wood Derived Fuels,914163.0,2007-01-01,34772753.0,343828582.0,7902559.583,10.095,64.842,-0.942,36.2,7.53,2.048,2.029
204,2008,TX,Coal,147131841.0,2008-01-01,38236491.0,347814647.0,11040947.583,10.907,65.533,-0.25,23.8,-4.87,-0.97,-0.989
205,2008,TX,Hydroelectric Conventional,1039468.0,2008-01-01,38236491.0,347814647.0,11040947.583,10.907,65.533,-0.25,23.8,-4.87,-0.97,-0.989
206,2008,TX,Natural Gas,193247077.0,2008-01-01,38236491.0,347814647.0,11040947.583,10.907,65.533,-0.25,23.8,-4.87,-0.97,-0.989
207,2008,TX,Nuclear,40727370.0,2008-01-01,38236491.0,347814647.0,11040947.583,10.907,65.533,-0.25,23.8,-4.87,-0.97,-0.989
208,2008,TX,Other,568906.0,2008-01-01,38236491.0,347814647.0,11040947.583,10.907,65.533,-0.25,23.8,-4.87,-0.97,-0.989
209,2008,TX,Other Biomass,438474.0,2008-01-01,38236491.0,347814647.0,11040947.583,10.907,65.533,-0.25,23.8,-4.87,-0.97,-0.989
210,2008,TX,Other Gases,3400507.0,2008-01-01,38236491.0,347814647.0,11040947.583,10.907,65.533,-0.25,23.8,-4.87,-0.97,-0.989
211,2008,TX,Petroleum,1033521.0,2008-01-01,38236491.0,347814647.0,11040947.583,10.907,65.533,-0.25,23.8,-4.87,-0.97,-0.989
213,2008,TX,Wind,16225022.0,2008-01-01,38236491.0,347814647.0,11040947.583,10.907,65.533,-0.25,23.8,-4.87,-0.97,-0.989
214,2008,TX,Wood and Wood Derived Fuels,975599.0,2008-01-01,38236491.0,347814647.0,11040947.583,10.907,65.533,-0.25,23.8,-4.87,-0.97,-0.989
215,2009,TX,Coal,139106598.0,2009-01-01,34062762.0,345351418.0,11063926.333,9.852,65.758,-0.025,28.54,-0.13,-0.758,-0.778
216,2009,TX,Hydroelectric Conventional,1028658.0,2009-01-01,34062762.0,345351418.0,11063926.333,9.852,65.758,-0.025,28.54,-0.13,-0.758,-0.778
217,2009,TX,Natural Gas,189066483.0,2009-01-01,34062762.0,345351418.0,11063926.333,9.852,65.758,-0.025,28.54,-0.13,-0.758,-0.778
218,2009,TX,Nuclear,41497617.0,2009-01-01,34062762.0,345351418.0,11063926.333,9.852,65.758,-0.025,28.54,-0.13,-0.758,-0.778
219,2009,TX,Other,310169.0,2009-01-01,34062762.0,345351418.0,11063926.333,9.852,65.758,-0.025,28.54,-0.13,-0.758,-0.778
220,2009,TX,Other Biomass,429076.0,2009-01-01,34062762.0,345351418.0,11063926.333,9.852,65.758,-0.025,28.54,-0.13,-0.758,-0.778
221,2009,TX,Other Gases,3649304.0,2009-01-01,34062762.0,345351418.0,11063926.333,9.852,65.758,-0.025,28.54,-0.13,-0.758,-0.778
222,2009,TX,Petroleum,1404606.0,2009-01-01,34062762.0,345351418.0,11063926.333,9.852,65.758,-0.025,28.54,-0.13,-0.758,-0.778
224,2009,TX,Wind,20026104.0,2009-01-01,34062762.0,345351418.0,11063926.333,9.852,65.758,-0.025,28.54,-0.13,-0.758,-0.778
225,2009,TX,Wood and Wood Derived Fuels,649299.0,2009-01-01,34062762.0,345351418.0,11063926.333,9.852,65.758,-0.025,28.54,-0.13,-0.758,-0.778
226,2010,TX,Coal,150172832.0,2010-01-01,33496583.0,358457551.0,11124031.5,9.321,65.1,-0.683,27.81,-0.86,0.265,0.246
227,2010,TX,Hydroelectric Conventional,1261833.0,2010-01-01,33496583.0,358457551.0,11124031.5,9.321,65.1,-0.683,27.81,-0.86,0.265,0.246
228,2010,TX,Natural Gas,186882239.0,2010-01-01,33496583.0,358457551.0,11124031.5,9.321,65.1,-0.683,27.81,-0.86,0.265,0.246
229,2010,TX,Nuclear,41335248.0,2010-01-01,33496583.0,358457551.0,11124031.5,9.321,65.1,-0.683,27.81,-0.86,0.265,0.246
230,2010,TX,Other,339016.0,2010-01-01,33496583.0,358457551.0,11124031.5,9.321,65.1,-0.683,27.81,-0.86,0.265,0.246
231,2010,TX,Other Biomass,545137.0,2010-01-01,33496583.0,358457551.0,11124031.5,9.321,65.1,-0.683,27.81,-0.86,0.265,0.246
232,2010,TX,Other Gases,3290570.0,2010-01-01,33496583.0,358457551.0,11124031.5,9.321,65.1,-0.683,27.81,-0.86,0.265,0.246
233,2010,TX,Petroleum,708481.0,2010-01-01,33496583.0,358457551.0,11124031.5,9.321,65.1,-0.683,27.81,-0.86,0.265,0.246
234,2010,TX,Solar Thermal and Photovoltaic,8208.0,2010-01-01,33496583.0,358457551.0,11124031.5,9.321,65.1,-0.683,27.81,-0.86,0.265,0.246
236,2010,TX,Wind,26251410.0,2010-01-01,33496583.0,358457551.0,11124031.5,9.321,65.1,-0.683,27.81,-0.86,0.265,0.246
237,2010,TX,Wood and Wood Derived Fuels,900074.0,2010-01-01,33496583.0,358457551.0,11124031.5,9.321,65.1,-0.683,27.81,-0.86,0.265,0.246
238,2011,TX,Coal,157896535.18,2011-01-01,33832311.0,376065117.0,11084137.833,8.943,67.342,1.558,14.7,-13.97,-2.662,-2.681
239,2011,TX,Hydroelectric Conventional,563053.73,2011-01-01,33832311.0,376065117.0,11084137.833,8.943,67.342,1.558,14.7,-13.97,-2.662,-2.681
240,2011,TX,Natural Gas,200500148.93,2011-01-01,33832311.0,376065117.0,11084137.833,8.943,67.342,1.558,14.7,-13.97,-2.662,-2.681
241,2011,TX,Nuclear,39648457.0,2011-01-01,33832311.0,376065117.0,11084137.833,8.943,67.342,1.558,14.7,-13.97,-2.662,-2.681
242,2011,TX,Other,318950.29,2011-01-01,33832311.0,376065117.0,11084137.833,8.943,67.342,1.558,14.7,-13.97,-2.662,-2.681
243,2011,TX,Other Biomass,678126.73,2011-01-01,33832311.0,376065117.0,11084137.833,8.943,67.342,1.558,14.7,-13.97,-2.662,-2.681
244,2011,TX,Other Gases,3389839.84,2011-01-01,33832311.0,376065117.0,11084137.833,8.943,67.342,1.558,14.7,-13.97,-2.662,-2.681
245,2011,TX,Petroleum,976805.22,2011-01-01,33832311.0,376065117.0,11084137.833,8.943,67.342,1.558,14.7,-13.97,-2.662,-2.681
246,2011,TX,Solar Thermal and Photovoltaic,28639.02,2011-01-01,33832311.0,376065117.0,11084137.833,8.943,67.342,1.558,14.7,-13.97,-2.662,-2.681
248,2011,TX,Wind,30548087.23,2011-01-01,33832311.0,376065117.0,11084137.833,8.943,67.342,1.558,14.7,-13.97,-2.662,-2.681
249,2011,TX,Wood and Wood Derived Fuels,928280.51,2011-01-01,33832311.0,376065117.0,11084137.833,8.943,67.342,1.558,14.7,-13.97,-2.662,-2.681
250,2012,TX,Coal,138088223.3,2012-01-01,31217788.0,365104131.0,11249628.25,8.524,67.767,1.983,24.1,-4.57,-0.965,-0.984
251,2012,TX,Hydroelectric Conventional,584474.43,2012-01-01,31217788.0,365104131.0,11249628.25,8.524,67.767,1.983,24.1,-4.57,-0.965,-0.984
252,2012,TX,Natural Gas,213901281.8,2012-01-01,31217788.0,365104131.0,11249628.25,8.524,67.767,1.983,24.1,-4.57,-0.965,-0.984
253,2012,TX,Nuclear,38441017.0,2012-01-01,31217788.0,365104131.0,11249628.25,8.524,67.767,1.983,24.1,-4.57,-0.965,-0.984
254,2012,TX,Other,297796.89,2012-01-01,31217788.0,365104131.0,11249628.25,8.524,67.767,1.983,24.1,-4.57,-0.965,-0.984
255,2012,TX,Other Biomass,700274.79,2012-01-01,31217788.0,365104131.0,11249628.25,8.524,67.767,1.983,24.1,-4.57,-0.965,-0.984
256,2012,TX,Other Gases,2998816.14,2012-01-01,31217788.0,365104131.0,11249628.25,8.524,67.767,1.983,24.1,-4.57,-0.965,-0.984
257,2012,TX,Petroleum,1484203.77,2012-01-01,31217788.0,365104131.0,11249628.25,8.524,67.767,1.983,24.1,-4.57,-0.965,-0.984
258,2012,TX,Solar Thermal and Photovoltaic,118264.99,2012-01-01,31217788.0,365104131.0,11249628.25,8.524,67.767,1.983,24.1,-4.57,-0.965,-0.984
260,2012,TX,Wind,32214172.66,2012-01-01,31217788.0,365104131.0,11249628.25,8.524,67.767,1.983,24.1,-4.57,-0.965,-0.984
261,2012,TX,Wood and Wood Derived Fuels,983984.09,2012-01-01,31217788.0,365104131.0,11249628.25,8.524,67.767,1.983,24.1,-4.57,-0.965,-0.984
262,2013,TX,Coal,149404243.32,2013-01-01,32797322.8,378817255.0,11416988.917,8.627,65.108,-0.675,26.02,-2.65,-0.775,-0.794
263,2013,TX,Hydroelectric Conventional,480042.0,2013-01-01,32797322.8,378817255.0,11416988.917,8.627,65.108,-0.675,26.02,-2.65,-0.775,-0.794
264,2013,TX,Natural Gas,203798415.58,2013-01-01,32797322.8,378817255.0,11416988.917,8.627,65.108,-0.675,26.02,-2.65,-0.775,-0.794
265,2013,TX,Nuclear,38314996.0,2013-01-01,32797322.8,378817255.0,11416988.917,8.627,65.108,-0.675,26.02,-2.65,-0.775,-0.794
266,2013,TX,Other,272140.6,2013-01-01,32797322.8,378817255.0,11416988.917,8.627,65.108,-0.675,26.02,-2.65,-0.775,-0.794
267,2013,TX,Other Biomass,730229.57,2013-01-01,32797322.8,378817255.0,11416988.917,8.627,65.108,-0.675,26.02,-2.65,-0.775,-0.794
268,2013,TX,Other Gases,2399969.29,2013-01-01,32797322.8,378817255.0,11416988.917,8.627,65.108,-0.675,26.02,-2.65,-0.775,-0.794
269,2013,TX,Petroleum,950801.54,2013-01-01,32797322.8,378817255.0,11416988.917,8.627,65.108,-0.675,26.02,-2.65,-0.775,-0.794
270,2013,TX,Solar Thermal and Photovoltaic,163012.93,2013-01-01,32797322.8,378817255.0,11416988.917,8.627,65.108,-0.675,26.02,-2.65,-0.775,-0.794
272,2013,TX,Wind,35873620.95,2013-01-01,32797322.8,378817255.0,11416988.917,8.627,65.108,-0.675,26.02,-2.65,-0.775,-0.794
273,2013,TX,Wood and Wood Derived Fuels,992693.99,2013-01-01,32797322.8,378817255.0,11416988.917,8.627,65.108,-0.675,26.02,-2.65,-0.775,-0.794
274,2014,TX,Coal,148173726.38,2014-01-01,34831998.0,389669820.0,11672971.167,8.914,64.85,-0.933,24.01,-4.66,-0.797,-0.816
275,2014,TX,Hydroelectric Conventional,566152.32,2014-01-01,34831998.0,389669820.0,11672971.167,8.914,64.85,-0.933,24.01,-4.66,-0.797,-0.816
276,2014,TX,Natural Gas,204728865.56,2014-01-01,34831998.0,389669820.0,11672971.167,8.914,64.85,-0.933,24.01,-4.66,-0.797,-0.816
277,2014,TX,Nuclear,39287443.0,2014-01-01,34831998.0,389669820.0,11672971.167,8.914,64.85,-0.933,24.01,-4.66,-0.797,-0.816
278,2014,TX,Other,439514.74,2014-01-01,34831998.0,389669820.0,11672971.167,8.914,64.85,-0.933,24.01,-4.66,-0.797,-0.816
279,2014,TX,Other Biomass,777505.02,2014-01-01,34831998.0,389669820.0,11672971.167,8.914,64.85,-0.933,24.01,-4.66,-0.797,-0.816
280,2014,TX,Other Gases,2209447.68,2014-01-01,34831998.0,389669820.0,11672971.167,8.914,64.85,-0.933,24.01,-4.66,-0.797,-0.816
281,2014,TX,Petroleum,283280.18,2014-01-01,34831998.0,389669820.0,11672971.167,8.914,64.85,-0.933,24.01,-4.66,-0.797,-0.816
282,2014,TX,Solar Thermal and Photovoltaic,304054.43,2014-01-01,34831998.0,389669820.0,11672971.167,8.914,64.85,-0.933,24.01,-4.66,-0.797,-0.816
284,2014,TX,Wind,39371137.42,2014-01-01,34831998.0,389669820.0,11672971.167,8.914,64.85,-0.933,24.01,-4.66,-0.797,-0.816
285,2014,TX,Wood and Wood Derived Fuels,1095279.91,2014-01-01,34831998.0,389669820.0,11672971.167,8.914,64.85,-0.933,24.01,-4.66,-0.797,-0.816
286,2015,TX,Coal,121554284.0,2015-01-01,34124299.8,392337354.0,11849712.167,8.676,65.8,0.017,41.23,12.56,2.077,2.058
287,2015,TX,Hydroelectric Conventional,956411.0,2015-01-01,34124299.8,392337354.0,11849712.167,8.676,65.8,0.017,41.23,12.56,2.077,2.058
288,2015,TX,Natural Gas,237731427.0,2015-01-01,34124299.8,392337354.0,11849712.167,8.676,65.8,0.017,41.23,12.56,2.077,2.058
289,2015,TX,Nuclear,39354677.0,2015-01-01,34124299.8,392337354.0,11849712.167,8.676,65.8,0.017,41.23,12.56,2.077,2.058
290,2015,TX,Other,734325.0,2015-01-01,34124299.8,392337354.0,11849712.167,8.676,65.8,0.017,41.23,12.56,2.077,2.058
291,2015,TX,Other Biomass,783647.0,2015-01-01,34124299.8,392337354.0,11849712.167,8.676,65.8,0.017,41.23,12.56,2.077,2.058
292,2015,TX,Other Gases,2579301.0,2015-01-01,34124299.8,392337354.0,11849712.167,8.676,65.8,0.017,41.23,12.56,2.077,2.058
293,2015,TX,Petroleum,241565.0,2015-01-01,34124299.8,392337354.0,11849712.167,8.676,65.8,0.017,41.23,12.56,2.077,2.058
294,2015,TX,Solar Thermal and Photovoltaic,400760.0,2015-01-01,34124299.8,392337354.0,11849712.167,8.676,65.8,0.017,41.23,12.56,2.077,2.058
296,2015,TX,Wind,44833366.0,2015-01-01,34124299.8,392337354.0,11849712.167,8.676,65.8,0.017,41.23,12.56,2.077,2.058
297,2015,TX,Wood and Wood Derived Fuels,656578.0,2015-01-01,34124299.8,392337354.0,11849712.167,8.676,65.8,0.017,41.23,12.56,2.077,2.058
298,2016,TX,Coal,121230931.0,2016-01-01,33588069.1,398661809.0,12074527.667,8.4,67.15,1.367,32.1,3.43,0.843,0.823
299,2016,TX,Hydroelectric Conventional,1342004.0,2016-01-01,33588069.1,398661809.0,12074527.667,8.4,67.15,1.367,32.1,3.43,0.843,0.823
300,2016,TX,Natural Gas,225976260.0,2016-01-01,33588069.1,398661809.0,12074527.667,8.4,67.15,1.367,32.1,3.43,0.843,0.823
301,2016,TX,Nuclear,42079445.0,2016-01-01,33588069.1,398661809.0,12074527.667,8.4,67.15,1.367,32.1,3.43,0.843,0.823
302,2016,TX,Other,764493.0,2016-01-01,33588069.1,398661809.0,12074527.667,8.4,67.15,1.367,32.1,3.43,0.843,0.823
303,2016,TX,Other Biomass,735042.0,2016-01-01,33588069.1,398661809.0,12074527.667,8.4,67.15,1.367,32.1,3.43,0.843,0.823
304,2016,TX,Other Gases,2513742.0,2016-01-01,33588069.1,398661809.0,12074527.667,8.4,67.15,1.367,32.1,3.43,0.843,0.823
305,2016,TX,Petroleum,196424.0,2016-01-01,33588069.1,398661809.0,12074527.667,8.4,67.15,1.367,32.1,3.43,0.843,0.823
306,2016,TX,Solar Thermal and Photovoltaic,730812.0,2016-01-01,33588069.1,398661809.0,12074527.667,8.4,67.15,1.367,32.1,3.43,0.843,0.823
308,2016,TX,Wind,57530784.0,2016-01-01,33588069.1,398661809.0,12074527.667,8.4,67.15,1.367,32.1,3.43,0.843,0.823
309,2016,TX,Wood and Wood Derived Fuels,947653.0,2016-01-01,33588069.1,398661809.0,12074527.667,8.4,67.15,1.367,32.1,3.43,0.843,0.823
310,2017,TX,Coal,134648359.0,2017-01-01,33677746.8,401880374.0,12439059.417,8.358,67.317,1.533,30.28,1.61,-0.163,-0.182
311,2017,TX,Hydroelectric Conventional,1061997.0,2017-01-01,33677746.8,401880374.0,12439059.417,8.358,67.317,1.533,30.28,1.61,-0.163,-0.182
312,2017,TX,Natural Gas,204511996.0,2017-01-01,33677746.8,401880374.0,12439059.417,8.358,67.317,1.533,30.28,1.61,-0.163,-0.182
313,2017,TX,Nuclear,38581401.0,2017-01-01,33677746.8,401880374.0,12439059.417,8.358,67.317,1.533,30.28,1.61,-0.163,-0.182
314,2017,TX,Other,527848.0,2017-01-01,33677746.8,401880374.0,12439059.417,8.358,67.317,1.533,30.28,1.61,-0.163,-0.182
315,2017,TX,Other Biomass,668608.0,2017-01-01,33677746.8,401880374.0,12439059.417,8.358,67.317,1.533,30.28,1.61,-0.163,-0.182
316,2017,TX,Other Gases,2471967.0,2017-01-01,33677746.8,401880374.0,12439059.417,8.358,67.317,1.533,30.28,1.61,-0.163,-0.182
317,2017,TX,Petroleum,163711.0,2017-01-01,33677746.8,401880374.0,12439059.417,8.358,67.317,1.533,30.28,1.61,-0.163,-0.182
318,2017,TX,Solar Thermal and Photovoltaic,2189127.0,2017-01-01,33677746.8,401880374.0,12439059.417,8.358,67.317,1.533,30.28,1.61,-0.163,-0.182
320,2017,TX,Wind,67060994.0,2017-01-01,33677746.8,401880374.0,12439059.417,8.358,67.317,1.533,30.28,1.61,-0.163,-0.182
321,2017,TX,Wood and Wood Derived Fuels,908359.0,2017-01-01,33677746.8,401880374.0,12439059.417,8.358,67.317,1.533,30.28,1.61,-0.163,-0.182
322,2018,TX,Coal,111722644.0,2018-01-01,36000305.8,424528421.0,12865647.5,8.452,66.0,0.217,33.72,5.05,0.314,0.295
323,2018,TX,Hydroelectric Conventional,1126380.0,2018-01-01,36000305.8,424528421.0,12865647.5,8.452,66.0,0.217,33.72,5.05,0.314,0.295
324,2018,TX,Natural Gas,239713084.0,2018-01-01,36000305.8,424528421.0,12865647.5,8.452,66.0,0.217,33.72,5.05,0.314,0.295
325,2018,TX,Nuclear,41185739.0,2018-01-01,36000305.8,424528421.0,12865647.5,8.452,66.0,0.217,33.72,5.05,0.314,0.295
326,2018,TX,Other,452628.0,2018-01-01,36000305.8,424528421.0,12865647.5,8.452,66.0,0.217,33.72,5.05,0.314,0.295
327,2018,TX,Other Biomass,585209.0,2018-01-01,36000305.8,424528421.0,12865647.5,8.452,66.0,0.217,33.72,5.05,0.314,0.295
328,2018,TX,Other Gases,2526476.0,2018-01-01,36000305.8,424528421.0,12865647.5,8.452,66.0,0.217,33.72,5.05,0.314,0.295
329,2018,TX,Petroleum,129313.0,2018-01-01,36000305.8,424528421.0,12865647.5,8.452,66.0,0.217,33.72,5.05,0.314,0.295
330,2018,TX,Solar Thermal and Photovoltaic,3205647.0,2018-01-01,36000305.8,424528421.0,12865647.5,8.452,66.0,0.217,33.72,5.05,0.314,0.295
332,2018,TX,Wind,75700434.0,2018-01-01,36000305.8,424528421.0,12865647.5,8.452,66.0,0.217,33.72,5.05,0.314,0.295
333,2018,TX,Wood and Wood Derived Fuels,1004876.0,2018-01-01,36000305.8,424528421.0,12865647.5,8.452,66.0,0.217,33.72,5.05,0.314,0.295
334,2019,TX,Coal,91816736.0,2019-01-01,36910422.0,429343403.0,13136170.333,8.552,65.892,0.108,26.86,-1.81,0.368,0.349
335,2019,TX,Hydroelectric Conventional,1475490.0,2019-01-01,36910422.0,429343403.0,13136170.333,8.552,65.892,0.108,26.86,-1.81,0.368,0.349
336,2019,TX,Natural Gas,255630020.0,2019-01-01,36910422.0,429343403.0,13136170.333,8.552,65.892,0.108,26.86,-1.81,0.368,0.349
337,2019,TX,Nuclear,41298007.0,2019-01-01,36910422.0,429343403.0,13136170.333,8.552,65.892,0.108,26.86,-1.81,0.368,0.349
338,2019,TX,Other,510402.0,2019-01-01,36910422.0,429343403.0,13136170.333,8.552,65.892,0.108,26.86,-1.81,0.368,0.349
339,2019,TX,Other Biomass,419163.0,2019-01-01,36910422.0,429343403.0,13136170.333,8.552,65.892,0.108,26.86,-1.81,0.368,0.349
340,2019,TX,Other Gases,2869183.0,2019-01-01,36910422.0,429343403.0,13136170.333,8.552,65.892,0.108,26.86,-1.81,0.368,0.349
341,2019,TX,Petroleum,154483.0,2019-01-01,36910422.0,429343403.0,13136170.333,8.552,65.892,0.108,26.86,-1.81,0.368,0.349
342,2019,TX,Solar Thermal and Photovoltaic,4365125.0,2019-01-01,36910422.0,429343403.0,13136170.333,8.552,65.892,0.108,26.86,-1.81,0.368,0.349
344,2019,TX,Wind,83620370.0,2019-01-01,36910422.0,429343403.0,13136170.333,8.552,65.892,0.108,26.86,-1.81,0.368,0.349
345,2019,TX,Wood and Wood Derived Fuels,1042049.0,2019-01-01,36910422.0,429343403.0,13136170.333,8.552,65.892,0.108,26.86,-1.81,0.368,0.349
346,2020,TX,Coal,78825274.0,2020-01-01,35705756.9,426863266.0,13319001.583,8.339,66.867,1.083,26.17,-2.5,-0.783,-0.803
347,2020,TX,Hydroelectric Conventional,1079348.0,2020-01-01,35705756.9,426863266.0,13319001.583,8.339,66.867,1.083,26.17,-2.5,-0.783,-0.803
348,2020,TX,Natural Gas,246629491.0,2020-01-01,35705756.9,426863266.0,13319001.583,8.339,66.867,1.083,26.17,-2.5,-0.783,-0.803
349,2020,TX,Nuclear,41438705.0,2020-01-01,35705756.9,426863266.0,13319001.583,8.339,66.867,1.083,26.17,-2.5,-0.783,-0.803
350,2020,TX,Other,436034.0,2020-01-01,35705756.9,426863266.0,13319001.583,8.339,66.867,1.083,26.17,-2.5,-0.783,-0.803
351,2020,TX,Other Biomass,440557.0,2020-01-01,35705756.9,426863266.0,13319001.583,8.339,66.867,1.083,26.17,-2.5,-0.783,-0.803
352,2020,TX,Other Gases,2611040.0,2020-01-01,35705756.9,426863266.0,13319001.583,8.339,66.867,1.083,26.17,-2.5,-0.783,-0.803
353,2020,TX,Petroleum,141586.0,2020-01-01,35705756.9,426863266.0,13319001.583,8.339,66.867,1.083,26.17,-2.5,-0.783,-0.803
354,2020,TX,Solar Thermal and Photovoltaic,8536923.0,2020-01-01,35705756.9,426863266.0,13319001.583,8.339,66.867,1.083,26.17,-2.5,-0.783,-0.803
356,2020,TX,Wind,92440996.0,2020-01-01,35705756.9,426863266.0,13319001.583,8.339,66.867,1.083,26.17,-2.5,-0.783,-0.803
357,2020,TX,Wood and Wood Derived Fuels,934956.0,2020-01-01,35705756.9,426863266.0,13319001.583,8.339,66.867,1.083,26.17,-2.5,-0.783,-0.803
358,2021,TX,Coal,88781596.0,2021-01-01,39635679.2,425605729.0,13541450.083,9.4,66.108,0.325,28.83,0.16,-0.159,-0.178
359,2021,TX,Hydroelectric Conventional,1117109.0,2021-01-01,39635679.2,425605729.0,13541450.083,9.4,66.108,0.325,28.83,0.16,-0.159,-0.178
360,2021,TX,Natural Gas,234941936.0,2021-01-01,39635679.2,425605729.0,13541450.083,9.4,66.108,0.325,28.83,0.16,-0.159,-0.178
361,2021,TX,Nuclear,40211257.0,2021-01-01,39635679.2,425605729.0,13541450.083,9.4,66.108,0.325,28.83,0.16,-0.159,-0.178
362,2021,TX,Other,419136.0,2021-01-01,39635679.2,425605729.0,13541450.083,9.4,66.108,0.325,28.83,0.16,-0.159,-0.178
363,2021,TX,Other Biomass,417634.0,2021-01-01,39635679.2,425605729.0,13541450.083,9.4,66.108,0.325,28.83,0.16,-0.159,-0.178
364,2021,TX,Other Gases,2308028.0,2021-01-01,39635679.2,425605729.0,13541450.083,9.4,66.108,0.325,28.83,0.16,-0.159,-0.178
365,2021,TX,Petroleum,196163.0,2021-01-01,39635679.2,425605729.0,13541450.083,9.4,66.108,0.325,28.83,0.16,-0.159,-0.178
366,2021,TX,Solar Thermal and Photovoltaic,14137313.0,2021-01-01,39635679.2,425605729.0,13541450.083,9.4,66.108,0.325,28.83,0.16,-0.159,-0.178
368,2021,TX,Wind,100049281.0,2021-01-01,39635679.2,425605729.0,13541450.083,9.4,66.108,0.325,28.83,0.16,-0.159,-0.178
369,2021,TX,Wood and Wood Derived Fuels,982322.0,2021-01-01,39635679.2,425605729.0,13541450.083,9.4,66.108,0.325,28.83,0.16,-0.159,-0.178
